4 0.73776455 0.521329365625 0.784391534375 0.5364583328125 0.7946428578125 0.5367063484375 0.8399470906250001 0.521329365625 0.84358465625 0.51884920625 0.8488756609375001 0.5114087296875 0.8505290999999999 0.5071924609375 0.8495370375 0.49925595312500004 0.8227513234374999 0.419394840625 0.8164682546875 0.41319444375 0.796296296875 0.403521825 0.7695105812499999 0.3985615078125 0.752645503125 0.3970734125 0.7225529093749999 0.39732142812500004 0.690145503125 0.40302579375 0.666335978125 0.415178571875 0.6524470906250001 0.428075396875 0.6421957671875 0.4429563484375 0.64318783125 0.455853175 0.6554232796874999 0.4742063484375 0.666335978125 0.481894840625 0.73776455 0.521329365625
14 0.909060846875 0.48883928593750003 0.912367725 0.49007936562500004 0.9265873015625001 0.48883928593750003 0.9325396828124999 0.484623015625 0.9351851859375 0.4796626984375 0.8320105812499999 0.3263888890625 0.822420634375 0.325644840625 0.8141534390625 0.330853175 0.808862434375 0.3395337296875 0.808862434375 0.34325396874999997 0.8174603171875001 0.35887896874999997 0.8948412703124999 0.4737103171875 0.909060846875 0.48883928593750003
1 0.0982142859375 0.5074404765625 0.166005290625 0.5071924609375 0.35648148125 0.500248015625 0.4265873015625 0.49627976250000005 0.44179894218750004 0.49429563437499996 0.45866402187500005 0.49032738125 0.46825396875 0.48784722187499996 0.478174603125 0.4833829359375 0.49570105781249996 0.47098214218749995 0.527777778125 0.44196428593750003 0.5482804234375 0.39112103125000003 0.5505952375 0.37847222187499996 0.5505952375 0.3665674609375 0.5453042328125 0.3110119046875 0.534060846875 0.266369046875 0.5320767203125001 0.263144840625 0.51884920625 0.2547123015625 0.45568783125 0.24032738125000003 0.4427910046875 0.23958333281250002 0.1084656078125 0.23115079375 0.0297619046875 0.2301587296875 0.0135582015625 0.2321428578125 0.000661375 0.2383432546875 0 0.481646825 0.025132275 0.49603174531249994 0.051256614062500004 0.502976190625 0.0982142859375 0.5074404765625
20 1 0.58407738125 0.7645502640624999 0.5520833328125 0.74437830625 0.5508432546875001 0.734457671875 0.5535714281249999 0.7294973546875 0.5587797625 0.71924603125 0.5992063484375 0.6739417984375 0.859126984375 0.6739417984375 0.862103175 0.6795634921875 0.8735119046875001 0.6825396828125 0.8759920640625 0.69378306875 0.88095238125 0.9616402109375001 0.8960813484375001 0.9771825390625001 0.893105159375 0.9834656078125 0.8883928578125 0.9854497359375 0.8836805562500001 0.99404761875 0.82217261875 1 0.7633928578125 1 0.58407738125
17 0.41798941875000006 0.719494046875 0.440476190625 0.7095734125 0.534391534375 0.659226190625 0.5363756609375 0.656994046875 0.5380290999999999 0.646825396875 0.5363756609375 0.643601190625 0.4451058203125 0.5424107140625 0.428571428125 0.534226190625 0.41765872968749995 0.534226190625 0.3260582015625 0.5587797625 0.3111772484375 0.5689484125 0.3009259265625 0.593501984375 0.3005952375 0.596478175 0.309523809375 0.6103670640625001 0.4047619046875 0.709325396875 0.41798941875000006 0.719494046875
14 0.5863095234375 0.6703869046875 0.5955687828125 0.6728670640625001 0.6001984125 0.669146825 0.6025132281250001 0.6599702375 0.6018518515625 0.65625 0.528769840625 0.5042162703125 0.5238095234375 0.49677579375 0.51884920625 0.49305555625 0.5082671953125 0.4950396828125 0.5046296296875 0.4982638890625 0.5019841265625 0.503472221875 0.5019841265625 0.5089285718750001 0.5046296296875 0.5146329359374999 0.58068783125 0.6649305562500001 0.5863095234375 0.6703869046875
14 0.609126984375 0.8015873015625001 0.6130952375 0.7978670640625001 0.6200396828125 0.7854662703125 0.6352513234375 0.747271825 0.6755952375 0.62177579375 0.6749338625 0.6185515875 0.6709656078124999 0.6148313484375 0.659391534375 0.6103670640625001 0.6541005296875 0.611855159375 0.6478174609375 0.61904761875 0.59358465625 0.7601686515625 0.587632275 0.781994046875 0.587632275 0.7894345234375 0.591269840625 0.7988591265625 0.5955687828125 0.8013392859374999 0.609126984375 0.8015873015625001
7 0.1626984125 0.737103175 0.21924603125000003 0.7321428578125 0.2513227515625 0.724454365625 0.25562169375 0.722222221875 0.25826719531250003 0.7085813484375 0.2513227515625 0.6860119046875 0.24735449687500002 0.6803075390625 0.23611111093749998 0.6736111109375 0.1643518515625 0.6416170640625001 0.153439153125 0.6421130953125 0.1484788359375 0.6453373015625 0.14351851875 0.67137896875 0.1418650796875 0.734126984375 0.14351851875 0.7353670640625001 0.14947090000000002 0.737103175 0.1626984125 0.737103175
10 0.16335978906249998 0.9833829359375 0.1676587296875 0.9828869046875001 0.20370370312500002 0.962549603125 0.26455026406250004 0.92509920625 0.3773148140625 0.8501984125 0.37929894218750004 0.8474702375 0.37929894218750004 0.843501984375 0.3769841265625 0.8345734125 0.35251322812499997 0.80654761875 0.2875652015625 0.7604364265625 0.16289624062500002 0.8746275062500001 0.1504629625 0.8869047625 0.10449735468750002 0.924603175 0.09920634843750001 0.934771825 0.09953703750000001 0.9397321421875 0.103835978125 0.9451884921874999 0.1603835984375 0.981894840625 0.16335978906249998 0.9833829359375
12 0.39451058125 0.990079365625 0.40707672031250003 0.9947916671874999 0.42261904687499996 0.997519840625 0.44940476250000005 0.9980158734375 0.4699074078125 0.99677579375 0.53141534375 0.9898313484375001 0.5449735453125 0.9853670640625 0.5578703703125 0.9779265875 0.5734126984375 0.9635416671874999 0.5820105812499999 0.949652778125 0.5859788359375 0.924355159375 0.5767195765625 0.90947420625 0.5615079359374999 0.896329365625 0.5449735453125 0.8891369046875001 0.5350529093749999 0.8861607140625001 0.51851851875 0.8861607140625001 0.391203703125 0.90674603125 0.3796296296875 0.9129464281249999 0.36871693125 0.924355159375 0.3614417984375 0.937251984375 0.359457671875 0.9461805562500001 0.3614417984375 0.9620535718750001 0.3703703703125 0.97470238125 0.377976190625 0.9806547625 0.39451058125 0.990079365625
10 0.55631711875 0 0.54375098125 0.0205853171875 0.53033593125 0.0481583078125 0.54086790625 0.05656690156250001 0.5564959984375 0.056821706250000006 0.5986451609375 0 0.55631711875 0