10 0.1287202375 0.722222221875 0.137896825 0.7291666671875 0.14310515937499999 0.7265211640625 0.1460813484375 0.7199074078125001 0.14508928593749998 0.7096560843749999 0.1418650796875 0.6957671953125 0.1369047625 0.68187830625 0.07911706406249999 0.558862434375 0.0644841265625 0.53108465625 0.0587797625 0.5254629625 0.05009920624999999 0.5231481484375 0.0391865078125 0.53141534375 0.0364583328125 0.5396825390625 0.0364583328125 0.546626984375 0.0416666671875 0.5585317453124999 0.108630953125 0.6980820109375 0.1287202375 0.722222221875
14 0.088045634375 0.4761904765625 0.09424603125 0.46891534375 0.09548611093750001 0.465608465625 0.1443452375 0.2523148140625 0.1455853171875 0.240740740625 0.1418650796875 0.2334656078125 0.137896825 0.22916666718749998 0.12946428593749998 0.22685185156249998 0.125 0.22718253906250002 0.122271825 0.23048941875 0.11929563437499999 0.2380952375 0.071924603125 0.43055555625 0.06770833281250001 0.45734127031250005 0.0667162703125 0.46858465625 0.07068452343750001 0.4755291 0.075148809375 0.4794973546875 0.088045634375 0.4761904765625
1 0.46006944375 1 0.46825396875 0.9358465609375 0.47247023749999995 0.8697089953124999 0.475446428125 0.8045634921874999 0.478174603125 0.6894841265625 0.4779265875 0.6445105812499999 0.471478175 0.61871693125 0.46478174531249994 0.6054894187500001 0.4595734125 0.599867725 0.43824404687499996 0.5882936515625 0.40575396875 0.5730820109375 0.3960813484375 0.5704365078125 0.380704365625 0.5674603171875 0.356894840625 0.565476190625 0.3320932546875 0.565476190625 0.29241071406249997 0.5710978843750001 0.2859623015625 0.5737433859375 0.278521825 0.5793650796875001 0.247023809375 0.61904761875 0.23685515937499999 0.6352513234375 0.23363095312499998 0.6455026453125 0.23239087343749998 0.65674603125 0.2321428578125 0.6832010578125 0.2380952375 0.9259259265625 0.2420634921875 0.9639550265624999 0.246527778125 0.978505290625 0.2522321421875 0.990079365625 0.25967261875 1 0.46006944375 1
4 0.37847222187499996 0.31679894218750004 0.390376984375 0.33201058125 0.40029761875 0.341269840625 0.406001984375 0.34424603125000003 0.4171626984375 0.346891534375 0.42782738125 0.346230159375 0.4392361109375 0.341269840625 0.45659722187499996 0.3204365078125 0.468998015625 0.29100529062499997 0.48214285781250005 0.227843915625 0.4909687265625 0.11810891875 0.4387400796875 0.08697089999999999 0.43526785781250005 0.08201058125 0.42906746093750003 0.078373015625 0.4201388890625 0.078373015625 0.41592261875 0.0800264546875 0.41344246093750003 0.0830026453125 0.36532738125 0.1603835984375 0.36036706406249996 0.177910053125 0.3573908734375 0.20039682499999997 0.35615079375 0.2546296296875 0.3581349203125 0.26752645468749997 0.3658234125 0.29232804218749997 0.37847222187499996 0.31679894218750004
20 0.5558035718750001 0 0.5667162703125 0.28472222187499996 0.5706845234375 0.33697089999999996 0.5741567453124999 0.35582010625 0.581597221875 0.365079365625 0.5987103171875 0.3670634921875 0.9012896828124999 0.33134920625 0.9126984125 0.328373015625 0.924851190625 0.31911375625 0.927579365625 0.3138227515625 0.9300595234375001 0.3045634921875 0.9365079359375 0.109457671875 0.93799603125 0 0.5558035718750001 0
10 0.6049107140625 0.5558862437500001 0.618799603125 0.5572089953125 0.622271825 0.5555555562500001 0.625744046875 0.5499338625 0.6383928578125 0.5171957671875 0.6356646828125 0.48115079375 0.6331845234375 0.4755291 0.6264880953125 0.46825396875 0.571924603125 0.43981481406249995 0.471478175 0.396164021875 0.46527777812500004 0.39517195781250003 0.4580853171875 0.39649470937500003 0.45362103125 0.3998015875 0.45114087343750003 0.4044312171875 0.44940476250000005 0.466269840625 0.45362103125 0.47321428593750003 0.493303571875 0.4983465609375 0.6049107140625 0.5558862437500001
17 0.5803571421875 0.7619047625 0.593998015625 0.7764550265625 0.59697420625 0.7764550265625 0.6041666671875 0.771825396875 0.6785714281249999 0.708994709375 0.693204365625 0.6957671953125 0.7016369046875 0.6825396828125 0.700148809375 0.6706349203124999 0.6887400796875001 0.6455026453125 0.6522817453124999 0.572420634375 0.6458333328125 0.5664682546875001 0.6324404765625 0.5697751328125 0.6046626984375 0.590608465625 0.5391865078125 0.6448412703125 0.5300099203124999 0.65608465625 0.528521825 0.658730159375 0.5300099203124999 0.66865079375 0.5367063484375 0.6941137562499999 0.5803571421875 0.7619047625
14 0.77529761875 0.625 0.781498015625 0.6210317453124999 0.78447420625 0.6164021156249999 0.786954365625 0.608796296875 0.825644840625 0.424603175 0.8293650796875 0.391203703125 0.8244047625 0.384259259375 0.8209325390625001 0.383597884375 0.815972221875 0.38624338593749996 0.8112599203125 0.390873015625 0.80927579375 0.396164021875 0.8035714281249999 0.41765872968749995 0.771825396875 0.5605158734375 0.762648809375 0.60648148125 0.7636408734375 0.61904761875 0.765873015625 0.6226851859375 0.771329365625 0.625661375 0.77529761875 0.625
14 0.75322420625 0.9113756609375001 0.7564484125 0.8998015875 0.762648809375 0.75 0.7616567453124999 0.708994709375 0.759424603125 0.70634920625 0.7542162703125 0.7040343921875001 0.749255953125 0.702711640625 0.7430555562500001 0.7040343921875001 0.737847221875 0.708994709375 0.7361111109375 0.7251984125 0.737847221875 0.900132275 0.7408234125 0.9130290999999999 0.747271825 0.9166666671874999 0.75322420625 0.9113756609375001
7 0.6331845234375 0.8630952375 0.68427579375 0.8617724875 0.687748015625 0.8574735453125 0.689980159375 0.8482142859374999 0.6887400796875001 0.809854496875 0.687251984375 0.7992724875 0.6852678578125 0.7949735453125 0.681299603125 0.7916666671875 0.6631944437499999 0.784391534375 0.656498015625 0.7833994703125 0.6450892859375 0.7863756609375 0.634424603125 0.796296296875 0.6076388890625 0.8458994703125 0.6073908734375 0.8495370375 0.6106150796875001 0.8544973546874999 0.6212797625 0.8611111109375 0.6331845234375 0.8630952375
12 0.87549603125 0.6957671953125 0.8869047625 0.702380953125 0.8988095234375001 0.7046957671875 0.9107142859374999 0.703703703125 0.924851190625 0.6957671953125 0.938244046875 0.6759259265625001 0.9456845234375001 0.65608465625 0.9553571421875 0.5757275125 0.9551091265625 0.5545634921875 0.953373015625 0.5446428578125 0.9511408734375 0.5390211640625 0.94345238125 0.5244709000000001 0.9352678578125 0.5138888890625 0.924603175 0.5046296296875 0.912450396875 0.497354496875 0.909722221875 0.497354496875 0.8869047625 0.509259259375 0.8764880953124999 0.51818783125 0.8668154765624999 0.5350529093749999 0.8630952375 0.5449735453125 0.8608630953124999 0.5572089953125 0.8578869046875001 0.659722221875 0.85887896875 0.671296296875 0.8633432546875 0.68187830625 0.87549603125 0.6957671953125
6 1 0.48181216875 0.9709821421875 0.571759259375 0.96825396875 0.5882936515625 0.96875 0.6044973546875 0.9707341265625 0.609788359375 0.986855159375 0.6210317453124999 1 0.6253306875 1 0.48181216875