1 0.4796626984375 1 0.49578372968749995 0.9725529093749999 0.5037202375 0.9500661375 0.506200396875 0.9332010578125001 0.5086805562500001 0.8869047625 0.5081845234375 0.8078703703125001 0.5014880953125 0.591269840625 0.4952876984375 0.5453042328125 0.484126984375 0.5178571421875 0.4541170640625 0.48048941875000006 0.4424603171875 0.47089947031249996 0.391369046875 0.4500661375 0.3799603171875 0.446759259375 0.3417658734375 0.4477513234375 0.33134920625 0.44940476250000005 0.2772817453125 0.46792327968749997 0.265376984375 0.47883597812499995 0.2636408734375 0.48148148125 0.250248015625 0.5403439156250001 0.24727182499999997 0.5694444437499999 0.23239087343749998 0.934193121875 0.23387896874999997 0.9735449734375001 0.2383432546875 0.9864417984375 0.247023809375 1 0.4796626984375 1
10 0.0709325390625 0.46792327968749997 0.07688492031250001 0.45866402187500005 0.07688492031250001 0.4546957671875 0.06423611093750001 0.4391534390625 0.044394840625 0.4236111109375 0.00049603125 0.3981481484375 0.000248015625 0.4384920640625 0.050347221875 0.4669312171875 0.0625 0.471891534375 0.0709325390625 0.46792327968749997
4 0.412946428125 0.3177910046875 0.4265873015625 0.341269840625 0.44072420625 0.35615079375 0.44469246093750003 0.3578042328125 0.4546130953125 0.3578042328125 0.4675099203125 0.35482804218749997 0.4833829359375 0.3356481484375 0.51512896875 0.277447090625 0.5376984125 0.2199074078125 0.5384424609375 0.2139550265625 0.5119047625 0.16699735468750002 0.5091765875 0.1636904765625 0.506200396875 0.16302909999999998 0.428571428125 0.184854496875 0.4206349203125 0.190476190625 0.415674603125 0.196097884375 0.40228174531249994 0.22718253906250002 0.40203372968749995 0.246693121875 0.40426587343750003 0.2804232796875 0.4079861109375 0.3045634921875 0.412946428125 0.3177910046875
14 0.48363095312500004 0.1048280421875 0.487103175 0.1005291 0.4856150796875 0.0952380953125 0.4833829359375 0.089947090625 0.478174603125 0.0889550265625 0.466021825 0.09358465625 0.4365079359375 0.110119046875 0.37549603125000003 0.146825396875 0.35243055624999997 0.1636904765625 0.341021825 0.1732804234375 0.338045634375 0.1772486765625 0.3360615078125 0.184854496875 0.3360615078125 0.191137565625 0.340773809375 0.197089946875 0.35615079375 0.1927910046875 0.48363095312500004 0.1048280421875
20 0.590773809375 0 0.584325396875 0.0234788359375 0.575396825 0.07936507968749999 0.5535714281249999 0.2523148140625 0.5540674609375 0.2678571421875 0.5610119046875 0.275132275 0.5706845234375 0.28075396874999997 0.846478175 0.3263888890625 0.859623015625 0.328042328125 0.8660714281249999 0.325396825 0.8732638890625 0.3201058203125 0.875744046875 0.3164682546875 0.8789682546875 0.30687830625 0.8821924609374999 0.29100529062499997 0.8943452375 0.054232804687500004 0.8926091265625 0.0363756609375 0.887152778125 0.0264550265625 0.872519840625 0.022156084375000003 0.6768353171875 0 0.590773809375 0
14 0.62450396875 0.35681216875 0.75322420625 0.40839947031249996 0.7864583328125 0.41765872968749995 0.793898809375 0.4136904765625 0.7981150796875001 0.40608465625 0.796626984375 0.3998015875 0.791170634375 0.390873015625 0.7616567453124999 0.3789682546875 0.62177579375 0.33134920625 0.6183035718750001 0.33267195781250003 0.612351190625 0.34027777812500004 0.612847221875 0.3445767203125 0.6158234125 0.3495370375 0.6205357140625 0.35482804218749997 0.62450396875 0.35681216875
14 0.5297619046875 0.49404761875 0.6681547625 0.42261904687499996 0.6728670640625001 0.41798941875000006 0.672619046875 0.4050925921875 0.6701388890625 0.403439153125 0.6584821421875 0.403769840625 0.5260416671875 0.46461640156249995 0.502728175 0.478174603125 0.500248015625 0.48148148125 0.4985119046875 0.48875661406250004 0.4987599203125 0.4953703703125 0.50322420625 0.5009920640625001 0.50595238125 0.5023148140625 0.5297619046875 0.49404761875
17 0.5959821421875 0.6921296296875 0.609375 0.6891534390625 0.650545634375 0.6524470906250001 0.70907738125 0.596230159375 0.718998015625 0.5820105812499999 0.7145337296875 0.5707671953125 0.659226190625 0.4705687828125 0.656994046875 0.46792327968749997 0.6493055562500001 0.4669312171875 0.644097221875 0.46792327968749997 0.5456349203124999 0.55621693125 0.54365079375 0.5582010578125 0.5391865078125 0.5714285718750001 0.5391865078125 0.5823412703125 0.5647321421875 0.659060846875 0.5927579359374999 0.690145503125 0.5959821421875 0.6921296296875
12 0.9104662703124999 0.6197089953125 0.9238591265625 0.6335978843750001 0.936755953125 0.6395502640624999 0.950644840625 0.639880953125 0.9623015875 0.6362433859375 0.974950396875 0.6253306875 0.9799107140625001 0.6183862437500001 0.99032738125 0.5955687828125 0.9950396828124999 0.5823412703125 0.997271825 0.5697751328125 0.996527778125 0.5542328046875 0.98387896875 0.46792327968749997 0.980902778125 0.45568783125 0.9756944437499999 0.44444444375 0.963045634375 0.43121693125 0.9570932546875 0.4269179890625 0.924603175 0.4136904765625 0.90674603125 0.42757936562500004 0.8958333328125001 0.4391534390625 0.8883928578125 0.4546957671875 0.8841765875 0.471891534375 0.8841765875 0.48511904687499996 0.9007936515624999 0.5949074078125001 0.9052579359375 0.609126984375 0.9104662703124999 0.6197089953125
10 0.849950396875 0.8078703703125001 0.924603175 0.890873015625 0.9375 0.8951719578124999 0.9464285718750001 0.88723545 0.98115079375 0.8363095234375001 0.98115079375 0.8320105812499999 0.9769345234375001 0.8197751328124999 0.950148809375 0.771164021875 0.9129464281249999 0.712632275 0.84970238125 0.6197089953125 0.8457341265625 0.61904761875 0.8373015875 0.622023809375 0.8102678578125 0.6451719578125 0.77157738125 0.7076719578125 0.771825396875 0.7116402109375 0.7757936515625 0.71924603125 0.7983630953125 0.746693121875 0.849950396875 0.8078703703125001
7 0.65625 0.8511904765624999 0.66865079375 0.853174603125 0.733630953125 0.8571428578125 0.7366071421875 0.85582010625 0.740575396875 0.849867725 0.7408234125 0.8452380953124999 0.73387896875 0.7830687828125 0.7227182546875001 0.7457010578125 0.7170138890625 0.7420634921875 0.7073412703125 0.740079365625 0.6939484125 0.74437830625 0.677579365625 0.75562169375 0.6698908734375 0.76917989375 0.643105159375 0.833994709375 0.6428571421875 0.8386243390624999 0.6448412703125 0.846230159375 0.6498015875 0.8495370375 0.65625 0.8511904765624999