2 0.0927734375 0.4609375 0.1083984375 0.4635416671875 0.1494140625 0.4661458328125 0.2197265625 0.4661458328125 0.2236328125 0.4635416671875 0.232421875 0.4518229171875 0.236328125 0.4205729171875 0.240234375 0.3763020828125 0.24609375 0.2747395828125 0.248046875 0.1940104171875 0.248046875 0.1419270828125 0.24609375 0.1236979171875 0.2421875 0.1080729171875 0.2333984375 0.09635416718749999 0.2197265625 0.08854166718749999 0.2041015625 0.08333333281250001 0.1904296875 0.08072916718749999 0.1435546875 0.08072916718749999 0.1240234375 0.0859375 0.1142578125 0.09375 0.10546875 0.1080729171875 0.1015625 0.1263020828125 0.08984375 0.2513020828125 0.08203125 0.4388020828125 0.083984375 0.4518229171875 0.0888671875 0.4583333328125 0.0927734375 0.4609375
0 0.3212890625 0.4322916671875 0.32421875 0.4283854171875 0.3359375 0.3971354171875 0.33984375 0.3736979171875 0.37890625 0.07421875 0.37890625 0.06380208281250001 0.376953125 0.05859375 0.3720703125 0.05208333281250001 0.3642578125 0.05208333281250001 0.361328125 0.05598958281250001 0.357421875 0.06640625 0.318359375 0.36328125 0.31640625 0.37890625 0.31640625 0.3971354171875 0.318359375 0.4309895828125 0.3212890625 0.4322916671875
16 0.3701171875 0.6588541671875 0.3779296875 0.6588541671875 0.3828125 0.65234375 0.435546875 0.5690104171875 0.435546875 0.55859375 0.4267578125 0.546875 0.3564453125 0.4661458328125 0.3271484375 0.4348958328125 0.3193359375 0.4348958328125 0.26171875 0.51953125 0.259765625 0.5247395828125 0.259765625 0.5299479171875 0.2744140625 0.5494791671875 0.3701171875 0.6588541671875
4 0.45703125 0.4153645828125 0.4755859375 0.4375 0.4873046875 0.4479166671875 0.4990234375 0.4557291671875 0.5478515625 0.4791666671875 0.5634765625 0.484375 0.5830078125 0.484375 0.5947265625 0.4791666671875 0.6064453125 0.46875 0.6171875 0.4518229171875 0.6328125 0.4075520828125 0.634765625 0.39453125 0.6328125 0.3736979171875 0.62109375 0.3424479171875 0.615234375 0.33203125 0.5380859375 0.23177083281250002 0.5263671875 0.23177083281250002 0.4580078125 0.2916666671875 0.451171875 0.30078125 0.4453125 0.3138020828125 0.44140625 0.3268229171875 0.44140625 0.37109375 0.4453125 0.3893229171875 0.45703125 0.4153645828125
11 0.5888671875 0.3125 0.6220703125 0.3229166671875 0.7392578125 0.3515625 0.8193359375 0.3697916671875 0.8388671875 0.3723958328125 0.8505859375 0.3671875 0.853515625 0.36328125 0.85546875 0.35546875 0.8671875 0.23828125 0.8671875 0.21223958281250002 0.865234375 0.20703125 0.8603515625 0.20052083281250002 0.8369140625 0.1927083328125 0.6318359375 0.1432291671875 0.6181640625 0.140625 0.6025390625 0.140625 0.595703125 0.1471354171875 0.591796875 0.16015625 0.578125 0.26171875 0.576171875 0.2799479171875 0.576171875 0.2981770828125 0.5791015625 0.3072916671875 0.5888671875 0.3125
18 0.435546875 0.16796875 0.439453125 0.1783854171875 0.443359375 0.1861979171875 0.4521484375 0.1953125 0.4736328125 0.20572916718749998 0.4853515625 0.20833333281250002 0.5107421875 0.20572916718749998 0.5595703125 0.1822916671875 0.5859375 0.1471354171875 0.59765625 0.1236979171875 0.591796875 0.07942708281250001 0.58203125 0.05598958281250001 0.5712890625 0.0416666671875 0.5595703125 0.03125 0.5419921875 0.0208333328125 0.5224609375 0.013020832812499999 0.4931640625 0.013020832812499999 0.4814453125 0.015625 0.4638671875 0.0234375 0.4521484375 0.03125 0.43359375 0.05598958281250001 0.4296875 0.06380208281250001 0.42578125 0.07942708281250001 0.423828125 0.09244791718749999 0.423828125 0.11328125 0.4296875 0.14453125 0.435546875 0.16796875
2 1 0.22786458281250002 0.9951171875 0.22395833281250002 0.9130859375 0.21875 0.8701171875 0.21875 0.8671875 0.22526041718749998 0.865234375 0.24869791718749998 0.861328125 0.30078125 0.861328125 0.36328125 0.86328125 0.4830729171875 0.8671875 0.58203125 0.8681640625 0.5833333328125 0.8896484375 0.5859375 0.9990234375 0.5911458328125 1 0.58984375 1 0.22786458281250002
14 0.83984375 0.85546875 0.841796875 0.8684895828125001 0.8466796875 0.875 0.8515625 0.8658854171874999 0.85546875 0.8424479171874999 0.865234375 0.5846354171875 0.86328125 0.5559895828125 0.849609375 0.5065104171875 0.8466796875 0.5026041671875 0.8427734375 0.5026041671875 0.83984375 0.5065104171875 0.8359375 0.5403645828125 0.833984375 0.5690104171875 0.8359375 0.7825520828125 0.837890625 0.8346354171874999 0.83984375 0.85546875
14 0.802734375 0.83984375 0.8056640625 0.84375 0.8154296875 0.84375 0.818359375 0.8346354171874999 0.8203125 0.81640625 0.8203125 0.7825520828125 0.80859375 0.5065104171875 0.8046875 0.48828125 0.802734375 0.4830729171875 0.7978515625 0.4765625 0.7958984375 0.4765625 0.791015625 0.4830729171875 0.7890625 0.4908854171875 0.787109375 0.5065104171875 0.787109375 0.7486979171875 0.7890625 0.78515625 0.802734375 0.83984375
14 0.74609375 0.8841145828125001 0.7470703125 0.8854166671874999 0.7529296875 0.8854166671874999 0.755859375 0.8815104171874999 0.7578125 0.8606770828125001 0.7578125 0.84765625 0.71875 0.5611979171875 0.708984375 0.5221354171875 0.7060546875 0.5182291671875 0.7021484375 0.5182291671875 0.6953125 0.5247395828125 0.69140625 0.5716145828125 0.69140625 0.5950520828125 0.734375 0.8502604171874999 0.74609375 0.8841145828125001
14 0.775390625 0.8684895828125001 0.7783203125 0.8723958328125001 0.7880859375 0.8723958328125001 0.791015625 0.8684895828125001 0.791015625 0.8268229171874999 0.783203125 0.5638020828125 0.78125 0.5455729171875 0.775390625 0.51953125 0.7666015625 0.5078125 0.7626953125 0.5052083328125 0.7529296875 0.5052083328125 0.75 0.5091145828125 0.75 0.5559895828125 0.771484375 0.84765625 0.775390625 0.8684895828125001
17 0.505859375 0.8346354171874999 0.5078125 0.83984375 0.5107421875 0.84375 0.5166015625 0.8463541671874999 0.5263671875 0.8463541671874999 0.6533203125 0.828125 0.6630859375 0.8255208328125001 0.6689453125 0.8203125 0.673828125 0.8138020828125001 0.673828125 0.7877604171875 0.654296875 0.57421875 0.65234375 0.5611979171875 0.6484375 0.5481770828125 0.6455078125 0.5442708328125 0.6396484375 0.5442708328125 0.4951171875 0.5625 0.4912109375 0.5651041671875 0.490234375 0.56640625 0.490234375 0.6106770828125 0.49609375 0.7174479171875 0.505859375 0.8346354171874999