9 1 0.6783854171875 0.9990234375 0.6770833328125 0.8369140625 0.7447916671875 0.833984375 0.7486979171875 0.83203125 0.7591145828125 0.830078125 0.77734375 0.830078125 0.8138020828125001 0.833984375 0.82421875 0.8447265625 0.84375 0.9970703125 0.9114583328125001 1 0.91015625 1 0.6783854171875
9 0 0.587161771875 0.5971290234375 0.5919943796875 0.5445744218749999 0.23921405468749998 0 0.20055319843750002 0 0.587161771875
1 0 0.3346354171875 0.0009765625 0.3359375 0.0146484375 0.3359375 0.2509765625 0.2890625 0.2568359375 0.2864583328125 0.26171875 0.2799479171875 0.267578125 0.2669270828125 0.26953125 0.2565104171875 0.271484375 0.22526041718749998 0.265625 0.1888020828125 0.26171875 0.1783854171875 0.251953125 0.16015625 0.244140625 0.1471354171875 0.2373046875 0.140625 0.0576171875 0.1692708328125 0.0029296875 0.1796875 0 0.18359375 0 0.3346354171875
4 0.2978515625 0.3072916671875 0.3037109375 0.3125 0.3466796875 0.3333333328125 0.3603515625 0.3385416671875 0.3798828125 0.3359375 0.3955078125 0.328125 0.4248046875 0.3098958328125 0.4326171875 0.3020833328125 0.443359375 0.2877604171875 0.47265625 0.23567708281250002 0.47265625 0.22005208281250002 0.4658203125 0.2109375 0.3427734375 0.1484375 0.3271484375 0.1484375 0.3212890625 0.1510416671875 0.3154296875 0.15625 0.302734375 0.17578125 0.296875 0.1888020828125 0.28515625 0.22526041718749998 0.283203125 0.23828125 0.283203125 0.2799479171875 0.287109375 0.29296875 0.2978515625 0.3072916671875
3 0 0.5559895828125 0.0009765625 0.5572916671875 0.0126953125 0.5625 0.0595703125 0.5625 0.1513671875 0.5520833328125 0.154296875 0.5481770828125 0.181640625 0.48046875 0.18359375 0.47265625 0.18359375 0.4544270828125 0.177734375 0.4283854171875 0.1708984375 0.4114583328125 0.1630859375 0.4036458328125 0.1142578125 0.3828125 0.0966796875 0.3776041671875 0.0693359375 0.375 0.0087890625 0.3776041671875 0.0009765625 0.3802083328125 0 0.3815104171875 0 0.5559895828125
18 0.2255859375 0.4609375 0.2587890625 0.4921875 0.2978515625 0.4921875 0.3310546875 0.4635416671875 0.3447265625 0.4479166671875 0.375 0.4049479171875 0.37890625 0.3919270828125 0.37890625 0.3606770828125 0.3720703125 0.3515625 0.3408203125 0.3229166671875 0.3310546875 0.3177083328125 0.2607421875 0.3020833328125 0.2490234375 0.3020833328125 0.2158203125 0.3229166671875 0.20703125 0.33203125 0.203125 0.33984375 0.205078125 0.42578125 0.20703125 0.43359375 0.2255859375 0.4609375
14 0.3310546875 0.6041666671875 0.33984375 0.5924479171875 0.4609375 0.39453125 0.474609375 0.3658854171875 0.48046875 0.3502604171875 0.4775390625 0.34375 0.4736328125 0.34375 0.4658203125 0.3515625 0.4375 0.38671875 0.423828125 0.4075520828125 0.326171875 0.57421875 0.318359375 0.58984375 0.318359375 0.6002604171875 0.3251953125 0.6067708328125 0.3310546875 0.6041666671875
1 1 0.45703125 0.94921875 0.2721354171875 0.912109375 0.18359375 0.8974609375 0.1640625 0.8857421875 0.1536458328125 0.8779296875 0.1484375 0.8564453125 0.140625 0.6689453125 0.09635416718749999 0.6162109375 0.09114583281250001 0.6083984375 0.09114583281250001 0.5986328125 0.09375 0.5830078125 0.1041666671875 0.5693359375 0.1197916671875 0.556640625 0.1393229171875 0.529296875 0.20442708281250002 0.525390625 0.22005208281250002 0.51953125 0.26171875 0.49609375 0.44140625 0.49609375 0.4908854171875 0.498046875 0.51171875 0.505859375 0.5403645828125 0.529296875 0.58984375 0.5986328125 0.671875 0.6044921875 0.6770833328125 0.7568359375 0.703125 0.8759765625 0.7005208328125 0.9150390625 0.6979166671875 0.9345703125 0.6901041671875 1 0.6419270828125 1 0.45703125
4 0.5625 0.22786458281250002 0.56640625 0.23567708281250002 0.5810546875 0.2552083328125 0.6142578125 0.28125 0.6240234375 0.2864583328125 0.6455078125 0.2916666671875 0.6650390625 0.2890625 0.6728515625 0.2864583328125 0.7666015625 0.23958333281250002 0.76953125 0.23307291718749998 0.7734375 0.20703125 0.7734375 0.1940104171875 0.771484375 0.1861979171875 0.767578125 0.1783854171875 0.7099609375 0.09895833281250001 0.6923828125 0.08854166718749999 0.6806640625 0.0859375 0.6201171875 0.0859375 0.6064453125 0.08854166718749999 0.5947265625 0.09375 0.5810546875 0.1041666671875 0.5625 0.12890625 0.556640625 0.1419270828125 0.548828125 0.16796875 0.552734375 0.20182291718749998 0.5546875 0.20963541718749998 0.5625 0.22786458281250002
3 1 0.4127604171875 0.982421875 0.3450520828125 0.951171875 0.2721354171875 0.9443359375 0.2630208328125 0.9384765625 0.2578125 0.9287109375 0.2526041671875 0.8525390625 0.2265625 0.7431640625 0.2109375 0.7275390625 0.2109375 0.72265625 0.21744791718749998 0.720703125 0.22526041718749998 0.734375 0.3111979171875 0.73828125 0.3268229171875 0.78741293125 0.3781515109375 0.858995925 0.3878167265625 0.8734937468749999 0.3866085734375 0.8907099109375001 0.46755474374999995 0.9468889687500001 0.477219959375 0.9677734375 0.4765625 0.9814453125 0.4635416671875 0.9921875 0.44921875 1 0.43359375 1 0.4127604171875
10 0.6025390625 0.3984375 0.6357421875 0.40625 0.8330078125 0.4505208328125 0.8525390625 0.453125 0.8876953125 0.453125 0.892578125 0.4466145828125 0.89453125 0.44140625 0.89453125 0.4361979171875 0.8896484375 0.4296875 0.8857421875 0.4270833328125 0.8623046875 0.4166666671875 0.8369140625 0.4088541671875 0.6005859375 0.3619791671875 0.5888671875 0.3619791671875 0.5830078125 0.3645833328125 0.580078125 0.3684895828125 0.578125 0.3736979171875 0.578125 0.3815104171875 0.5888671875 0.3932291671875 0.6025390625 0.3984375