9 0.9830729171874999 1 0.9973958328125001 0.9755859375 1 0.9677734375 0.9973958328125001 0.6611328125 0.9479166671874999 0.5615234375 0.9401041671874999 0.5517578125 0.93359375 0.546875 0.9283854171874999 0.544921875 0.8299588468750001 0.5901062484375 0.69921875 0.50390625 0.6940104171875 0.50390625 0.6783854171875 0.513671875 0.671875 0.5205078125 0.4375 0.8330078125 0.4375 0.8408203125 0.4544270828125 0.853515625 0.5638020828125 0.923828125 0.6861979171875 1 0.9830729171874999 1
14 0.68359375 0.85546875 0.6848958328125 0.8525390625 0.6822916671875 0.8505859375 0.6861979171875 0.84765625 0.6966145828125 0.84765625 0.69921875 0.849609375 0.7591145828125 0.849609375 0.76171875 0.8515625 0.8294270828125001 0.8515625 0.8372395828125001 0.84765625 0.8424479171874999 0.84765625 0.8450520828125001 0.845703125 0.84765625 0.845703125 0.8515625 0.8427734375 0.8411458328125001 0.8349609375 0.8411458328125001 0.8330078125 0.8502604171874999 0.826171875 0.8658854171874999 0.826171875 0.8684895828125001 0.82421875 0.87109375 0.82421875 0.8723958328125001 0.8232421875 0.8723958328125001 0.8173828125 0.8658854171874999 0.8125 0.8580729171874999 0.8125 0.85546875 0.810546875 0.8528645828125001 0.810546875 0.8450520828125001 0.806640625 0.8216145828125001 0.806640625 0.8190104171874999 0.8046875 0.7486979171875 0.8046875 0.74609375 0.802734375 0.69921875 0.802734375 0.6966145828125 0.80078125 0.66796875 0.80078125 0.6653645828125 0.798828125 0.58984375 0.798828125 0.5872395828125 0.80078125 0.5794270828125 0.80078125 0.5768229171875 0.802734375 0.57421875 0.802734375 0.5703125 0.8056640625 0.5703125 0.8115234375 0.57421875 0.814453125 0.58203125 0.81640625 0.5859375 0.8193359375 0.5859375 0.8232421875 0.58203125 0.82421875 0.5794270828125 0.826171875 0.5638020828125 0.826171875 0.5611979171875 0.828125 0.55859375 0.828125 0.5520833328125 0.8330078125 0.5546875 0.8349609375 0.5546875 0.8369140625 0.55859375 0.83984375 0.5611979171875 0.83984375 0.5638020828125 0.841796875 0.57421875 0.841796875 0.5755208328125 0.8427734375 0.5755208328125 0.8466796875 0.5729166671875 0.8486328125 0.5729166671875 0.8544921875 0.5768229171875 0.857421875 0.58203125 0.857421875 0.5846354171875 0.859375 0.6627604171875 0.859375 0.6640625 0.8583984375 0.6653645828125 0.857421875 0.6783854171875 0.857421875 0.6809895828125 0.85546875 0.68359375 0.85546875
14 0.1809895828125 0.4921875 0.1848958328125 0.4853515625 0.1875 0.4755859375 0.203125 0.3740234375 0.203125 0.3544921875 0.20052083281250002 0.3447265625 0.1979166671875 0.3408203125 0.19140625 0.337890625 0.1848958328125 0.3408203125 0.1770833328125 0.3916015625 0.1692708328125 0.4736328125 0.171875 0.4873046875 0.17578125 0.4921875 0.1809895828125 0.4921875
14 0.1536458328125 0.4541015625 0.1588541671875 0.4638671875 0.16015625 0.46484375 0.16796875 0.46484375 0.171875 0.4599609375 0.171875 0.4404296875 0.15625 0.3388671875 0.1536458328125 0.3310546875 0.140625 0.3134765625 0.13671875 0.310546875 0.1315104171875 0.310546875 0.1276041671875 0.3134765625 0.1276041671875 0.3291015625 0.1354166671875 0.3720703125 0.1536458328125 0.4541015625
18 0 0.3623046875 0.01171875 0.37109375 0.01953125 0.375 0.0247395828125 0.376953125 0.0481770828125 0.376953125 0.07161458281250001 0.369140625 0.1145833328125 0.3466796875 0.1171875 0.3408203125 0.1171875 0.3212890625 0.1145833328125 0.3076171875 0.08984375 0.2890625 0.06640625 0.283203125 0.0325520828125 0.283203125 0.014322917187500001 0.2890625 0.0026041671875 0.2978515625 0 0.3017578125 0 0.3623046875
20 0.0625 0.2197265625 0.06510416718749999 0.2255859375 0.07682291718749999 0.234375 0.08723958281250001 0.236328125 0.39453125 0.23828125 0.4010416671875 0.2333984375 0.4036458328125 0.2275390625 0.375 0.0791015625 0.3697916671875 0.0634765625 0.3645833328125 0.0556640625 0.3606770828125 0.052734375 0.35546875 0.05078125 0.0481770828125 0.01953125 0.03515625 0.01953125 0.0260416671875 0.0263671875 0.0260416671875 0.0419921875 0.0442708328125 0.1376953125 0.0625 0.2197265625
11 0.0625 0.1337890625 0.06901041718749999 0.138671875 0.07421875 0.140625 0.2721354171875 0.134765625 0.27734375 0.1328125 0.28125 0.1279296875 0.2630208328125 0.0712890625 0.2552083328125 0.0576171875 0.24869791718749998 0.0546875 0.09505208281250001 0.052734375 0.0403645828125 0.0546875 0.0390625 0.0556640625 0.0390625 0.0712890625 0.05989583281250001 0.1279296875 0.0625 0.1337890625
0 0.1705729171875 0.193359375 0.3346354171875 0.16796875 0.3424479171875 0.166015625 0.35546875 0.16015625 0.3567708328125 0.1572265625 0.3424479171875 0.154296875 0.3346354171875 0.154296875 0.16015625 0.1796875 0.15234375 0.181640625 0.1484375 0.1845703125 0.1484375 0.1904296875 0.15234375 0.193359375 0.1705729171875 0.193359375
1 0.014322917187500001 0 0.013020832812499999 0.0009765625 0.0169270828125 0.00390625 0.0455729171875 0.013671875 0.23567708281250002 0.0390625 0.29296875 0.044921875 0.3111979171875 0.044921875 0.31640625 0.04296875 0.3307291671875 0.0322265625 0.3541666671875 0.0029296875 0.3528645828125 0 0.014322917187500001 0
3 0.3606770828125 0 0.3541666671875 0.0048828125 0.3515625 0.0087890625 0.3515625 0.0322265625 0.375 0.0693359375 0.3880208328125 0.0830078125 0.3997395828125 0.091796875 0.4518229171875 0.123046875 0.48828125 0.134765625 0.49609375 0.1328125 0.5052083328125 0.1240234375 0.5078125 0.1123046875 0.5078125 0.0947265625 0.4739583328125 0.0341796875 0.4635416671875 0.0205078125 0.4518229171875 0.01171875 0.4440104171875 0.0078125 0.4283854171875 0.001953125 0.41796875 0 0.3606770828125 0
9 0.4518229171875 0 0.4505208328125 0.0029296875 0.4622395828125 0.009765625 0.52734375 0.0234375 0.53125 0.0224609375 0.5442708328125 0.0009765625 0.54296875 0 0.4518229171875 0
15 0.5533854171875 0 0.5390625 0.0087890625 0.5364583328125 0.0166015625 0.5338541671875 0.0302734375 0.5338541671875 0.0693359375 0.5416666671875 0.4150390625 0.5442708328125 0.5048828125 0.546875 0.5361328125 0.55078125 0.5390625 0.9596354171874999 0.5390625 0.96875 0.5322265625 0.96875 0.5166015625 0.9401041671874999 0.0009765625 0.9388020828125001 0 0.5533854171875 0
6 0.4296875 0.4365234375 0.43359375 0.44140625 0.4830729171875 0.443359375 0.5299479171875 0.439453125 0.5390625 0.4345703125 0.5416666671875 0.3818359375 0.5416666671875 0.2548828125 0.5390625 0.1748046875 0.5364583328125 0.1513671875 0.5325520828125 0.1484375 0.4856770828125 0.140625 0.42578125 0.134765625 0.4166666671875 0.1416015625 0.4140625 0.1474609375 0.4166666671875 0.2373046875 0.421875 0.3525390625 0.4296875 0.4365234375
1 0.1432291671875 0.3154296875 0.1510416671875 0.3232421875 0.1653645828125 0.33203125 0.1705729171875 0.333984375 0.18359375 0.3359375 0.1966145828125 0.3359375 0.21484375 0.333984375 0.3138020828125 0.31640625 0.37109375 0.302734375 0.3971354171875 0.29296875 0.40625 0.2880859375 0.40625 0.2763671875 0.4036458328125 0.2705078125 0.3854166671875 0.2412109375 0.3763020828125 0.234375 0.3580729171875 0.234375 0.3216145828125 0.23828125 0.1705729171875 0.26171875 0.15234375 0.265625 0.1341145828125 0.2734375 0.1302083328125 0.2763671875 0.1302083328125 0.2802734375 0.1380208328125 0.3056640625 0.1432291671875 0.3154296875
16 0.3841145828125 0.375 0.3893229171875 0.376953125 0.39453125 0.376953125 0.3984375 0.3740234375 0.421875 0.3447265625 0.421875 0.3388671875 0.3893229171875 0.31640625 0.3658854171875 0.302734375 0.3216145828125 0.3125 0.3098958328125 0.3212890625 0.3072916671875 0.3251953125 0.3072916671875 0.3291015625 0.3111979171875 0.33203125 0.3841145828125 0.375
17 0.22786458281250002 0.419921875 0.2955729171875 0.439453125 0.33203125 0.44921875 0.3502604171875 0.44921875 0.3567708328125 0.4404296875 0.375 0.3955078125 0.3802083328125 0.3798828125 0.3802083328125 0.3720703125 0.3658854171875 0.365234375 0.25390625 0.330078125 0.2513020828125 0.330078125 0.24739583281250002 0.3330078125 0.2421875 0.3427734375 0.21614583281250002 0.4033203125 0.21614583281250002 0.4130859375 0.22265625 0.41796875 0.22786458281250002 0.419921875
12 0 0.5341796875 0.01171875 0.5390625 0.0377604171875 0.541015625 0.1471354171875 0.537109375 0.15625 0.5302734375 0.1692708328125 0.5107421875 0.171875 0.4873046875 0.1588541671875 0.4658203125 0.15234375 0.4609375 0.014322917187500001 0.458984375 0.009114582812499999 0.458984375 0.0013020828125 0.4609375 0 0.4619140625 0 0.5341796875
13 0.682549403125 1 0.43009962343749997 0.83880215 0.596961015625 0.6295061796875 0.5372649140625 0.62357253125 0 0.656477309375 0.0007192296875 1 0.682549403125 1
4 0.24869791718749998 0.611328125 0.3528645828125 0.607421875 0.421875 0.5498046875 0.4270833328125 0.5419921875 0.4270833328125 0.5283203125 0.4244791671875 0.5224609375 0.4166666671875 0.5126953125 0.4075520828125 0.5078125 0.3216145828125 0.5078125 0.24609375 0.53515625 0.2421875 0.5380859375 0.23958333281250002 0.5419921875 0.23958333281250002 0.5478515625 0.24479166718749998 0.6083984375 0.24869791718749998 0.611328125