10 0.0896164015625 0.5483630953125 0.11309523749999999 0.5416666671875 0.296296296875 0.471230159375 0.3019179890625 0.466021825 0.30357142812500004 0.4585813484375 0.302910053125 0.4541170640625 0.296626984375 0.450396825 0.29001322812499997 0.44965277812500004 0.26752645468749997 0.4548611109375 0.17361111093749998 0.4890873015625 0.1015211640625 0.5168650796875001 0.0727513234375 0.5292658734375 0.06878306875 0.5324900796875001 0.0674603171875 0.536954365625 0.0674603171875 0.544146825 0.0707671953125 0.54737103125 0.0767195765625 0.549603175 0.0896164015625 0.5483630953125
14 0.49404761875 0.1939484125 0.5052910046875 0.193204365625 0.5350529093749999 0.18055555625 0.5376984125 0.178075396875 0.5380290999999999 0.174851190625 0.534060846875 0.16493055625 0.459325396875 0.040178571875 0.4454365078125 0.0210813484375 0.44179894218750004 0.019097221875 0.43022486718749997 0.0193452375 0.391203703125 0.0272817453125 0.38128306875 0.0327380953125 0.3773148140625 0.0364583328125 0.377976190625 0.0416666671875 0.40244709062500006 0.078125 0.48842592656250006 0.19097222187500001 0.49404761875 0.1939484125
20 0 0.21180555625 0.009920634375 0.22842261874999997 0.047288359375 0.256200396875 0.2797619046875 0.419146825 0.303240740625 0.43328372968749995 0.3171296296875 0.4389880953125 0.328042328125 0.43675595312500004 0.34027777812500004 0.4300595234375 0.503637565625 0.303075396875 0.5165343921875001 0.290674603125 0.5168650796875001 0.278273809375 0.5066137562499999 0.265625 0.253637565625 0.062748015625 0.2387566140625 0.053075396875 0.23082010625 0.049603175 0.2235449734375 0.049603175 0.2172619046875 0.051091270312500006 0.17625661406249998 0.07490079375 0.1375661375 0.099950396875 0.0482804234375 0.1612103171875 0.008597884375 0.190476190625 0 0.19990079375 0 0.21180555625
6 0.3257275125 0.8296130953124999 0.5046296296875 0.862103175 0.509920634375 0.8611111109375 0.51851851875 0.8541666671874999 0.5221560843749999 0.8482142859374999 0.565145503125 0.7447916671875 0.6071428578125 0.6314484125 0.6517857140625 0.4789186515625 0.6825396828125 0.3616071421875 0.6832010578125 0.353174603125 0.6732804234375 0.34052579375 0.6197089953125 0.3266369046875 0.51851851875 0.3040674609375 0.5046296296875 0.3040674609375 0.49140211562499997 0.314980159375 0.44312169375000005 0.4424603171875 0.3144841265625 0.797123015625 0.31150793593750004 0.8085317453125 0.31150793593750004 0.8199404765624999 0.31349206406249996 0.824652778125 0.3174603171875 0.827380953125 0.3257275125 0.8296130953124999
17 0.340939153125 0.9853670640625 0.36805555624999997 0.9759424609374999 0.4702380953125 0.9285714281249999 0.47718253906249997 0.924851190625 0.49272486718749997 0.912450396875 0.48644179843749996 0.8973214281249999 0.45105820156250004 0.849454365625 0.42757936562500004 0.8368055562500001 0.41832010625000005 0.83407738125 0.40674603125 0.8333333328125001 0.384259259375 0.834325396875 0.3677248671875 0.8368055562500001 0.353835978125 0.841269840625 0.3009259265625 0.8712797625 0.278769840625 0.8861607140625001 0.26455026406250004 0.8975694437499999 0.2625661375 0.9040178578125 0.2632275125 0.9129464281249999 0.3121693125 0.9667658734375 0.328042328125 0.9806547625 0.340939153125 0.9853670640625
10 0.14451058125 1 0.15376984062500001 0.9923115078125001 0.25330687812499997 0.8630952375 0.27777777812500004 0.82490079375 0.2771164015625 0.821924603125 0.272156084375 0.81845238125 0.264880953125 0.815972221875 0.2539682546875 0.815228175 0.246362434375 0.8206845234375001 0.1289682546875 0.97470238125 0.1263227515625 0.984126984375 0.127645503125 0.9920634921874999 0.133928571875 1 0.14451058125 1
4 0.191137565625 0.7135416671875 0.21825396874999997 0.71552579375 0.3048941796875 0.7016369046875 0.313161375 0.6986607140625 0.3171296296875 0.6959325390625 0.3267195765625 0.6837797625 0.33201058125 0.671875 0.3227513234375 0.6339285718750001 0.3052248671875 0.6138392859375 0.2953042328125 0.606398809375 0.290343915625 0.6046626984375 0.22585978906249998 0.59375 0.215608465625 0.5927579359374999 0.20370370312500002 0.593501984375 0.12367724843750001 0.631200396875 0.1203703703125 0.6341765875 0.1167328046875 0.64657738125 0.14417989375 0.6914682546875001 0.1507936515625 0.6966765875 0.191137565625 0.7135416671875
15 1 0.206597221875 0.9705687828125 0.21279761874999997 0.721230159375 0.27678571406249997 0.7139550265625 0.281001984375 0.7080026453125 0.28794642812500004 0.7043650796875001 0.29786706406249996 0.528108465625 0.9739583328125001 0.521494709375 1 1 1 1 0.206597221875
12 0.51851851875 0.2735615078125 0.628637565625 0.2884424609375 0.6451719578125 0.28720238125 0.658730159375 0.2829861109375 0.666005290625 0.2765376984375 0.6739417984375 0.262648809375 0.6749338625 0.252728175 0.672288359375 0.24107142812500001 0.6643518515625 0.22718253906250002 0.6580687828125 0.22197420625 0.646164021875 0.2150297625 0.63095238125 0.21155753906250002 0.559854496875 0.206101190625 0.546296296875 0.20634920625 0.5320767203125001 0.20833333281250002 0.5171957671875 0.2140376984375 0.503637565625 0.2229662703125 0.4996693125 0.22842261874999997 0.49636243437500005 0.24280753906250002 0.49570105781249996 0.252728175 0.49768518593750005 0.256200396875 0.50595238125 0.265873015625 0.51851851875 0.2735615078125
7 0.3293650796875 0.5662202375 0.340939153125 0.5625 0.35052910000000004 0.556795634375 0.3855820109375 0.5228174609375 0.3882275125 0.5171130953125 0.3875661375 0.50322420625 0.383597884375 0.49801587343750003 0.36805555624999997 0.4853670640625 0.3541666671875 0.481894840625 0.3445767203125 0.48859127031250005 0.334656084375 0.4982638890625 0.3296957671875 0.505704365625 0.3125 0.5419146828125 0.309523809375 0.5523313484375 0.309854496875 0.559523809375 0.3125 0.56299603125 0.3174603171875 0.56572420625 0.3293650796875 0.5662202375
10 0.244039034375 0.1805807234375 0.3632019078125 0.34279730625 0.38360650937499996 0.333003096875 0.2652598203125 0.171398653125 0.244039034375 0.1805807234375