17 0.7001953125 0.8098958328125001 0.7275390625 0.8151041671874999 0.8681640625 0.8307291671874999 0.9033203125 0.8307291671874999 0.90625 0.8268229171874999 0.908203125 0.8216145828125001 0.908203125 0.7721354171875 0.90234375 0.6158854171875 0.8974609375 0.6067708328125 0.8896484375 0.6041666671875 0.8662109375 0.6015625 0.7294921875 0.5885416671875 0.7099609375 0.5885416671875 0.7001953125 0.5911458328125 0.697265625 0.5950520828125 0.6953125 0.7877604171875 0.6953125 0.8059895828125001 0.6962890625 0.8072916671874999 0.7001953125 0.8098958328125001
2 0.67578125 0.5690104171875 0.677734375 0.58203125 0.6806640625 0.5885416671875 0.7041015625 0.5885416671875 0.9560546875 0.5598958328125 0.9609375 0.5533854171875 0.958984375 0.5221354171875 0.951171875 0.4544270828125 0.943359375 0.39453125 0.9384765625 0.375 0.9150390625 0.375 0.8583984375 0.3802083328125 0.6787109375 0.3984375 0.6650390625 0.4010416671875 0.6640625 0.40234375 0.662109375 0.4075520828125 0.662109375 0.41796875 0.666015625 0.4674479171875 0.67578125 0.5690104171875
1 0.0986328125 0.5989583328125 0.3427734375 0.7604166671875 0.3525390625 0.765625 0.3642578125 0.7708333328125 0.3818359375 0.7734375 0.3896484375 0.7734375 0.3974609375 0.7682291671875 0.4140625 0.73828125 0.4296875 0.6940104171875 0.435546875 0.6705729171875 0.4375 0.65234375 0.4375 0.63671875 0.4267578125 0.6223958328125 0.4189453125 0.6145833328125 0.3955078125 0.59375 0.3349609375 0.5520833328125 0.2392578125 0.4895833328125 0.1416015625 0.4322916671875 0.1083984375 0.4192708328125 0.0986328125 0.4192708328125 0.0947265625 0.421875 0.087890625 0.43359375 0.080078125 0.4518229171875 0.05859375 0.5143229171875 0.0546875 0.5299479171875 0.0546875 0.5611979171875 0.0615234375 0.5703125 0.0986328125 0.5989583328125
16 0.2060546875 0.3125 0.2216796875 0.328125 0.2255859375 0.328125 0.2314453125 0.3229166671875 0.28125 0.2565104171875 0.2890625 0.24348958281250002 0.2890625 0.23828125 0.2783203125 0.22395833281250002 0.2275390625 0.1640625 0.1865234375 0.1171875 0.1806640625 0.1119791671875 0.1767578125 0.1119791671875 0.1611328125 0.1276041671875 0.119140625 0.18359375 0.11328125 0.1940104171875 0.11328125 0.20182291718749998 0.1279296875 0.22135416718749998 0.2060546875 0.3125
7 0.3310546875 0.3723958328125 0.3447265625 0.375 0.3603515625 0.375 0.3642578125 0.3723958328125 0.376953125 0.35546875 0.376953125 0.31640625 0.3701171875 0.3046875 0.3525390625 0.3046875 0.3388671875 0.3072916671875 0.2666015625 0.3255208328125 0.2626953125 0.328125 0.259765625 0.33203125 0.259765625 0.3450520828125 0.2685546875 0.3515625 0.3310546875 0.3723958328125
4 0.4482421875 0.24739583281250002 0.4736328125 0.24739583281250002 0.5009765625 0.23958333281250002 0.5166015625 0.22916666718749998 0.5302734375 0.21614583281250002 0.54296875 0.1966145828125 0.544921875 0.19140625 0.556640625 0.12890625 0.556640625 0.09244791718749999 0.55078125 0.07421875 0.537109375 0.0481770828125 0.5126953125 0.015625 0.5068359375 0.010416667187500001 0.4970703125 0.0052083328125 0.4814453125 0 0.4619140625 0.0052083328125 0.4462890625 0.015625 0.43359375 0.0325520828125 0.4296875 0.0403645828125 0.41796875 0.07421875 0.4140625 0.09505208281250001 0.400390625 0.19140625 0.41015625 0.21223958281250002 0.4267578125 0.234375 0.4482421875 0.24739583281250002
14 0.595703125 0.3763020828125 0.5986328125 0.3828125 0.6025390625 0.3828125 0.60546875 0.37890625 0.609375 0.33203125 0.609375 0.09505208281250001 0.607421875 0.07682291718749999 0.603515625 0.05598958281250001 0.5986328125 0.0494791671875 0.595703125 0.05338541718749999 0.5859375 0.09244791718749999 0.583984375 0.1028645828125 0.583984375 0.1419270828125 0.591796875 0.3450520828125 0.595703125 0.3763020828125
14 0.6376953125 0.375 0.640625 0.37109375 0.642578125 0.3502604171875 0.65234375 0.1393229171875 0.65234375 0.07942708281250001 0.650390625 0.06380208281250001 0.646484375 0.05338541718749999 0.6396484375 0.0442708328125 0.6357421875 0.0416666671875 0.6318359375 0.0416666671875 0.626953125 0.0481770828125 0.625 0.05598958281250001 0.623046875 0.09244791718749999 0.625 0.3684895828125 0.6279296875 0.375 0.6376953125 0.375
14 0.703125 0.3763020828125 0.7080078125 0.3828125 0.7119140625 0.3802083328125 0.71484375 0.3736979171875 0.71484375 0.3346354171875 0.69921875 0.1184895828125 0.697265625 0.10546875 0.693359375 0.09244791718749999 0.6796875 0.05598958281250001 0.6748046875 0.05208333281250001 0.6708984375 0.0546875 0.66796875 0.05859375 0.66796875 0.09765625 0.6953125 0.35546875 0.703125 0.3763020828125
18 0.7353515625 0.3203125 0.7431640625 0.328125 0.7666015625 0.34375 0.7822265625 0.3489583328125 0.8056640625 0.3489583328125 0.8251953125 0.34375 0.8486328125 0.3333333328125 0.8818359375 0.3020833328125 0.892578125 0.2877604171875 0.8984375 0.27734375 0.900390625 0.2643229171875 0.8984375 0.23046875 0.890625 0.19140625 0.888671875 0.1861979171875 0.8779296875 0.171875 0.8564453125 0.1614583328125 0.8447265625 0.1588541671875 0.8076171875 0.1614583328125 0.7568359375 0.1770833328125 0.71875 0.22526041718749998 0.716796875 0.23307291718749998 0.71875 0.2903645828125 0.7265625 0.30859375 0.7353515625 0.3203125
11 0.5 0.58203125 0.5546875 0.6966145828125 0.5654296875 0.7109375 0.5693359375 0.7135416671875 0.5751953125 0.7135416671875 0.5849609375 0.7083333328125 0.6689453125 0.6354166671875 0.67578125 0.6263020828125 0.677734375 0.62109375 0.677734375 0.6106770828125 0.669921875 0.5846354171875 0.5703125 0.3763020828125 0.544921875 0.3268229171875 0.5341796875 0.3125 0.5302734375 0.3098958328125 0.5205078125 0.3098958328125 0.5126953125 0.3151041671875 0.4345703125 0.3776041671875 0.423828125 0.3919270828125 0.421875 0.3971354171875 0.421875 0.4075520828125 0.431640625 0.43359375 0.5 0.58203125
0 0.5498046875 0.8802083328125001 0.5615234375 0.8828125 0.5693359375 0.8828125 0.5869140625 0.8802083328125001 0.587890625 0.87890625 0.5693359375 0.859375 0.5615234375 0.8541666671874999 0.5302734375 0.8411458328125001 0.3076171875 0.7578125 0.2880859375 0.7578125 0.283203125 0.7643229171875 0.283203125 0.77734375 0.2880859375 0.7838541671875 0.5498046875 0.8802083328125001