8 0.0927734375 0.7552083328125 0.1298828125 0.7526041671875 0.3798828125 0.7213541671875 0.5830078125 0.6953125 0.6337890625 0.6875 0.8466796875 0.6484375 0.8583984375 0.6432291671875 0.865234375 0.6341145828125 0.87109375 0.62109375 0.869140625 0.58203125 0.8671875 0.57421875 0.7314804796875001 0.19183590156250002 0.7206578796875001 0.18674291406250002 0.1552734375 0.24739583281250002 0.1474609375 0.25 0.1435546875 0.2526041671875 0.138671875 0.26171875 0.0662088515625 0.681611634375 0.068359375 0.7278645828125 0.0703125 0.7356770828125 0.0810546875 0.75 0.0927734375 0.7552083328125
9 0.2353515625 0 0.234375 0.0013020828125 0.234375 0.01953125 0.244140625 0.20703125 0.24609375 0.22786458281250002 0.2490234375 0.234375 0.2939453125 0.234375 0.5927734375 0.20052083281250002 0.6857730953125001 0.1912075125 0.688530896875 0.1041835796875 0.703125 0.01171875 0.703125 0.00390625 0.7001953125 0 0.2353515625 0
1 0.677734375 0.44140625 0.689453125 0.4700520828125 0.6962890625 0.4791666671875 0.7255859375 0.4765625 0.7802734375 0.4583333328125 0.7861328125 0.4557291671875 0.7998046875 0.4453125 0.81640625 0.4231770828125 0.81640625 0.4153645828125 0.779296875 0.32421875 0.748046875 0.2513020828125 0.693359375 0.1419270828125 0.6865234375 0.1328125 0.6826171875 0.1302083328125 0.6494140625 0.1302083328125 0.6103515625 0.1354166671875 0.60546875 0.1419270828125 0.603515625 0.1471354171875 0.6015625 0.1731770828125 0.6015625 0.19921875 0.603515625 0.20703125 0.677734375 0.44140625
4 0.3828125 0.3138020828125 0.3876953125 0.3203125 0.3935546875 0.3229166671875 0.5029296875 0.3203125 0.5673828125 0.3125 0.5849609375 0.3072916671875 0.587890625 0.3033854171875 0.5703125 0.23828125 0.5517578125 0.21614583281250002 0.5419921875 0.20833333281250002 0.5166015625 0.1979166671875 0.5009765625 0.1979166671875 0.3876953125 0.23177083281250002 0.3837890625 0.234375 0.37890625 0.24088541718749998 0.376953125 0.24609375 0.376953125 0.25390625 0.380859375 0.30859375 0.3828125 0.3138020828125
4 0.2119140625 0.3723958328125 0.2705078125 0.4010416671875 0.3115234375 0.4114583328125 0.3212890625 0.4114583328125 0.3349609375 0.40625 0.3486328125 0.3984375 0.3544921875 0.3932291671875 0.36328125 0.3815104171875 0.3671875 0.37109375 0.3671875 0.3606770828125 0.341796875 0.2747395828125 0.3310546875 0.2604166671875 0.3271484375 0.2578125 0.2822265625 0.23697916718749998 0.1865234375 0.23958333281250002 0.1669921875 0.25 0.1640625 0.25390625 0.15625 0.27734375 0.154296875 0.2903645828125 0.15625 0.3033854171875 0.162109375 0.31640625 0.2119140625 0.3723958328125
3 0.05859375 0.6080729171875 0.0732421875 0.6276041671875 0.0810546875 0.6328125 0.1494140625 0.6666666671875 0.1572265625 0.6666666671875 0.2900390625 0.5208333328125 0.3193359375 0.4869791671875 0.33203125 0.4622395828125 0.33203125 0.45703125 0.3125 0.4127604171875 0.3017578125 0.40625 0.2451171875 0.3932291671875 0.1318359375 0.3880208328125 0.1181640625 0.3932291671875 0.0966796875 0.4114583328125 0.0859375 0.42578125 0.080078125 0.4361979171875 0.076171875 0.4440104171875 0.060546875 0.48828125 0.052734375 0.5403645828125 0.05078125 0.55859375 0.05078125 0.58203125 0.052734375 0.5924479171875 0.05859375 0.6080729171875
7 0.3603515625 0.5520833328125 0.4169921875 0.5520833328125 0.4208984375 0.5494791671875 0.42578125 0.54296875 0.42578125 0.5377604171875 0.404296875 0.4596354171875 0.39453125 0.4388020828125 0.3857421875 0.4270833328125 0.3486328125 0.4348958328125 0.34375 0.44140625 0.333984375 0.4596354171875 0.333984375 0.46484375 0.35546875 0.5455729171875 0.3603515625 0.5520833328125
10 0.5107421875 0.6145833328125 0.513671875 0.6106770828125 0.52734375 0.5768229171875 0.53515625 0.5533854171875 0.58984375 0.37109375 0.58984375 0.3528645828125 0.5869140625 0.3489583328125 0.5810546875 0.3489583328125 0.5771484375 0.3515625 0.572265625 0.3580729171875 0.560546875 0.38671875 0.505859375 0.53515625 0.498046875 0.55859375 0.4921875 0.58203125 0.490234375 0.5924479171875 0.490234375 0.6080729171875 0.4970703125 0.6145833328125 0.5107421875 0.6145833328125
11 0.6435546875 0.9947916671874999 0.6494140625 0.9973958328125001 0.8056640625 0.9973958328125001 0.806640625 0.99609375 0.810546875 0.9778645828125001 0.8125 0.95703125 0.82421875 0.7643229171875 0.83203125 0.6002604171875 0.83203125 0.5846354171875 0.830078125 0.5768229171875 0.8232421875 0.5677083328125 0.8134765625 0.5625 0.6982421875 0.5338541671875 0.6806640625 0.5338541671875 0.673828125 0.54296875 0.642578125 0.8111979171874999 0.634765625 0.8971354171874999 0.630859375 0.9440104171874999 0.630859375 0.9778645828125001 0.6328125 0.9830729171874999 0.6435546875 0.9947916671874999
2 0.3515625 0.99609375 0.3515625 0.9361979171874999 0.349609375 0.8450520828125001 0.34375 0.6549479171875 0.341796875 0.63671875 0.3388671875 0.6328125 0.3212890625 0.6328125 0.1748046875 0.6510416671875 0.1669921875 0.65625 0.1640625 0.66796875 0.162109375 0.70703125 0.16015625 0.7981770828125 0.158203125 0.9908854171874999 0.1611328125 0.9973958328125001 0.3505859375 0.9973958328125001 0.3515625 0.99609375
19 1 0.25390625 0.9951171875 0.25 0.9814453125 0.25 0.9716796875 0.2526041671875 0.9638671875 0.2578125 0.9033203125 0.3307291671875 0.890625 0.34765625 0.87890625 0.37109375 0.873046875 0.38671875 0.841796875 0.4778645828125 0.841796875 0.49609375 0.875 0.6158854171875 0.8818359375 0.6197916671875 0.9052734375 0.6197916671875 0.9169921875 0.6145833328125 0.93359375 0.5950520828125 0.97265625 0.5221354171875 1 0.4674479171875 1 0.25390625