1 0.4013671875 0 0.400390625 0.0013020828125 0.400390625 0.0403645828125 0.40625 0.1184895828125 0.4085400109375 0.2490148640625 0.7197265625 0.2604166671875 0.7705078125 0.2604166671875 0.7880859375 0.2526041671875 0.798828125 0.23828125 0.822265625 0.1549479171875 0.845703125 0.009114582812499999 0.845703125 0.00390625 0.8427734375 0 0.4013671875 0
9 0.1220703125 0.4166666671875 0.1298828125 0.4166666671875 0.1650390625 0.4036458328125 0.4638671875 0.23697916718749998 0.46875 0.23046875 0.46875 0.21484375 0.466796875 0.20963541718749998 0.3662109375 0.07552083281250001 0.3330078125 0.0442708328125 0.3134765625 0.03125 0.2939453125 0.0208333328125 0.27742765 0.0115719546875 0.27144215625 0.0197521296875 0.280570034375 0.065840434375 0.2822160453125 0.096565971875 0.2762305515625 0.12230359531249999 0.26620484843750003 0.1414571765625 0.2516900265625 0.1598126921875 0.23837230156250003 0.1717836796875 0.2169741609375 0.18375466875 0.06943173124999999 0.2234584453125 0.067037534375 0.226650709375 0.0703125 0.23828125 0.1171875 0.41015625 0.1220703125 0.4166666671875
8 0.1474609375 0.5989583328125 0.1630859375 0.6015625 0.2783203125 0.59375 0.7099609375 0.5598958328125 0.7939453125 0.5520833328125 0.8017578125 0.5494791671875 0.806640625 0.54296875 0.80859375 0.5377604171875 0.80859375 0.5143229171875 0.806640625 0.5065104171875 0.7109375 0.24348958281250002 0.70703125 0.23567708281250002 0.7001953125 0.2265625 0.6611328125 0.2265625 0.2392578125 0.24739583281250002 0.2119140625 0.25 0.2080078125 0.2526041671875 0.201171875 0.26171875 0.140625 0.55078125 0.138671875 0.5638020828125 0.138671875 0.5794270828125 0.140625 0.58984375 0.1474609375 0.5989583328125
4 0.2470703125 0.3854166671875 0.2548828125 0.390625 0.3115234375 0.4140625 0.3212890625 0.4166666671875 0.3388671875 0.4166666671875 0.33984375 0.4153645828125 0.3515625 0.3346354171875 0.3515625 0.32421875 0.34765625 0.3138020828125 0.3349609375 0.2994791671875 0.3095703125 0.2838541671875 0.2666015625 0.2708333328125 0.2626953125 0.2708333328125 0.2021484375 0.3203125 0.197265625 0.3268229171875 0.197265625 0.33984375 0.2001953125 0.34375 0.2470703125 0.3854166671875
10 0.2265625 0.6158854171875 0.2333984375 0.6302083328125 0.2373046875 0.6328125 0.2431640625 0.6328125 0.248046875 0.6263020828125 0.248046875 0.6080729171875 0.2109375 0.4518229171875 0.19921875 0.41796875 0.1904296875 0.40625 0.1865234375 0.40625 0.181640625 0.4153645828125 0.1796875 0.42578125 0.1796875 0.4361979171875 0.181640625 0.4466145828125 0.2265625 0.6158854171875
11 0.40234375 0.5065104171875 0.404296875 0.51171875 0.4072265625 0.515625 0.4150390625 0.5208333328125 0.4287109375 0.5208333328125 0.5185546875 0.5130208328125 0.5302734375 0.5078125 0.53515625 0.5013020828125 0.53515625 0.4778645828125 0.509765625 0.3033854171875 0.5029296875 0.2942708328125 0.4990234375 0.2916666671875 0.4794921875 0.2916666671875 0.4072265625 0.296875 0.4033203125 0.2994791671875 0.3984375 0.3059895828125 0.396484375 0.31640625 0.396484375 0.3294270828125 0.400390625 0.4752604171875 0.40234375 0.5065104171875
3 0.6025390625 0.4296875 0.6083984375 0.4348958328125 0.6240234375 0.4479166671875 0.6416015625 0.4583333328125 0.6572265625 0.4609375 0.7021484375 0.4453125 0.7138671875 0.4375 0.724609375 0.4231770828125 0.7265625 0.41796875 0.7265625 0.40234375 0.71875 0.36328125 0.7138671875 0.359375 0.6728515625 0.3463541671875 0.6630859375 0.34375 0.6396484375 0.34375 0.6123046875 0.3515625 0.6064453125 0.3541666671875 0.6005859375 0.359375 0.59375 0.3684895828125 0.58984375 0.37890625 0.587890625 0.38671875 0.587890625 0.3997395828125 0.59375 0.41796875 0.6025390625 0.4296875
19 0 0.7044270828125 0.064453125 0.8372395828125001 0.0751953125 0.8541666671874999 0.0810546875 0.859375 0.0908203125 0.8645833328125001 0.1201171875 0.8645833328125001 0.1298828125 0.8619791671874999 0.1474609375 0.8515625 0.1650390625 0.8333333328125001 0.17578125 0.81640625 0.181640625 0.80078125 0.185546875 0.78515625 0.185546875 0.76953125 0.181640625 0.7513020828125 0.169921875 0.7122395828125 0.1328125 0.5950520828125 0.125 0.5794270828125 0.1103515625 0.5598958328125 0.0517578125 0.4947916671875 0.0439453125 0.4895833328125 0.0361328125 0.4869791671875 0.0244140625 0.4869791671875 0.0029296875 0.4947916671875 0 0.4986979171875 0 0.7044270828125
18 0.376953125 0.77734375 0.3798828125 0.78125 0.3955078125 0.78125 0.4130859375 0.7760416671875 0.4169921875 0.7734375 0.419921875 0.76953125 0.4375 0.6393229171875 0.4375 0.62109375 0.43359375 0.59765625 0.4072265625 0.5625 0.3681640625 0.5651041671875 0.3505859375 0.5703125 0.345703125 0.5768229171875 0.326171875 0.6158854171875 0.32421875 0.6236979171875 0.326171875 0.65234375 0.328125 0.66015625 0.376953125 0.77734375
17 0.6435546875 0.9791666671874999 0.6513671875 0.9791666671874999 0.65625 0.97265625 0.66015625 0.9388020828125001 0.673828125 0.7122395828125 0.671875 0.69921875 0.6689453125 0.6953125 0.6611328125 0.6927083328125 0.6357421875 0.6875 0.5302734375 0.671875 0.5126953125 0.671875 0.5078125 0.6783854171875 0.50390625 0.6966145828125 0.470703125 0.8815104171874999 0.46875 0.89453125 0.46875 0.9283854171874999 0.4736328125 0.9348958328125001 0.6435546875 0.9791666671874999
3 0.787109375 0.78515625 0.794921875 0.7981770828125 0.8095703125 0.8177083328125001 0.8662109375 0.8567708328125001 0.8974609375 0.8645833328125001 0.9130859375 0.8645833328125001 0.9248046875 0.8619791671874999 0.9443359375 0.8541666671874999 0.9580078125 0.84375 0.9658203125 0.8359375 0.9765625 0.8190104171874999 0.984375 0.80078125 0.98828125 0.7799479171875 0.98828125 0.7591145828125 0.982421875 0.71484375 0.97265625 0.6861979171875 0.9443359375 0.6510416671875 0.9404296875 0.6484375 0.9169921875 0.6380208328125 0.9072265625 0.6354166671875 0.8408203125 0.6354166671875 0.8291015625 0.6380208328125 0.8154296875 0.6432291671875 0.7998046875 0.6536458328125 0.7919921875 0.6614583328125 0.78515625 0.6705729171875 0.7734375 0.6966145828125 0.771484375 0.70703125 0.771484375 0.73046875 0.7734375 0.7408854171875 0.787109375 0.78515625