20 0.7083333328125 0.44196428593750003 0.722222221875 0.44196428593750003 0.747023809375 0.430803571875 0.9464285718750001 0.2641369046875 0.9861111109375 0.22842261874999997 0.9933862437500001 0.21552579375 0.996693121875 0.2021329359375 0.98776455 0.18799603125 0.8244047625 0.0426587296875 0.809854496875 0.033978175 0.7986111109375 0.034226190625 0.7916666671875 0.036954365625 0.7708333328125 0.049851190625 0.5535714281249999 0.2353670640625 0.521494709375 0.2638888890625 0.5076058203125 0.278273809375 0.502645503125 0.2891865078125 0.5042989421875 0.30282738125 0.5085978843750001 0.3070436515625 0.6957671953125 0.43526785781250005 0.7083333328125 0.44196428593750003
0 0.5456349203124999 0.2455357140625 0.5558862437500001 0.2385912703125 0.5664682546875001 0.22867063437500001 0.57473545 0.21602182499999997 0.65674603125 0.025545634374999997 0.6541005296875 0.0173611109375 0.6491402109375 0.01240079375 0.64417989375 0.012152778125 0.6319444437499999 0.02256944375 0.6292989421875 0.0262896828125 0.5416666671875 0.190228175 0.528769840625 0.21701388906250002 0.5261243390625 0.22544642812500001 0.5274470906250001 0.24255952343749998 0.53108465625 0.24826388906250002 0.5350529093749999 0.2487599203125 0.5456349203124999 0.2455357140625
12 0.30621693125 0.14087301562500001 0.32705026406250004 0.15277777812499999 0.3366402109375 0.15600198437499999 0.3541666671875 0.1584821421875 0.36838624375 0.15724206406250002 0.41038359843750005 0.143353175 0.471891534375 0.1145833328125 0.48875661406250004 0.10094246093749999 0.4986772484375 0.087549603125 0.502645503125 0.0758928578125 0.5016534390625 0.062251984375 0.4947089953125 0.049355159375 0.48214285781250005 0.03720238125 0.46858465625 0.0295138890625 0.4546957671875 0.02529761875 0.4451058203125 0.0238095234375 0.427910053125 0.0238095234375 0.41765872968749995 0.025049603124999997 0.38955026406250004 0.03174603125 0.3164682546875 0.060267857812500006 0.3075396828125 0.0667162703125 0.299603175 0.075148809375 0.29232804218749997 0.087549603125 0.29001322812499997 0.096230159375 0.29001322812499997 0.11235119062500001 0.29431216875 0.12549603125 0.2989417984375 0.13343253906250002 0.30621693125 0.14087301562500001
15 0 0 0 0.065228175 0.24735449687500002 0.987351190625 0.259920634375 1 0.484457671875 1 0.48511904687499996 0.984375 0.47288359843750005 0.9332837296875001 0.1448412703125 0.025049603124999997 0.134259259375 0 0 0
6 0.365079365625 0.7509920640625001 0.372023809375 0.76512896875 0.377645503125 0.7730654765625 0.3829365078125 0.7748015875 0.43055555625 0.7700892859375 0.45601851875 0.766369046875 0.5274470906250001 0.7514880953125 0.5575396828125 0.7395833328125 0.5648148140625 0.73487103125 0.5740740734374999 0.7227182546875001 0.5744047625 0.715773809375 0.4834656078125 0.3075396828125 0.46660052968750004 0.24007936562499999 0.4613095234375 0.2251984125 0.4546957671875 0.21800595312499998 0.4451058203125 0.21378968281250002 0.440476190625 0.21354166718749998 0.2546296296875 0.2333829359375 0.227513228125 0.237351190625 0.215608465625 0.240575396875 0.21296296250000002 0.24280753906250002 0.20899470937500003 0.25049603125000003 0.209325396875 0.2636408734375 0.2123015875 0.2770337296875 0.349867725 0.7053571421875 0.365079365625 0.7509920640625001
13 0.8581349203125 1 0.6583994703125 0.7509920640625001 0.64417989375 0.74677579375 0.6074735453125 0.7519841265625 0.490410053125 0.778769840625 0.4484126984375 0.7896825390625 0.4391534390625 0.79365079375 0.43518518593750005 0.796875 0.43419312187500003 0.80009920625 0.4358465609375 0.809027778125 0.48247354531250003 1 0.8581349203125 1
16 0.5952380953125 0.4826388890625 0.6167328046875 0.49627976250000005 0.621362434375 0.49801587343750003 0.6319444437499999 0.49776785781250005 0.6355820109375 0.49652777812500004 0.6765873015625 0.471230159375 0.6822089953125 0.466269840625 0.6875 0.45882936562500004 0.6878306875 0.453373015625 0.6851851859375 0.45089285781250005 0.6104497359375001 0.393601190625 0.6044973546875 0.39112103125000003 0.5949074078125001 0.389880953125 0.58101851875 0.39732142812500004 0.5400132281250001 0.42906746093750003 0.5400132281250001 0.43353174531249994 0.5449735453125 0.44122023749999995 0.5793650796875001 0.47073412656249997 0.5952380953125 0.4826388890625
3 0.7959656078124999 0.6361607140625 0.822089946875 0.6490575390625 0.8346560843749999 0.6520337296875 0.8495370375 0.652777778125 0.875661375 0.652777778125 0.89384920625 0.6512896828125 0.9083994703125 0.646825396875 0.9196428578125 0.6351686515625 0.9232804234374999 0.6232638890625 0.9199735453125 0.6073908734375 0.8789682546875 0.53125 0.8495370375 0.5168650796875001 0.8458994703125 0.5166170640625001 0.834325396875 0.521825396875 0.7956349203124999 0.541170634375 0.7734788359375 0.5585317453124999 0.766203703125 0.568700396875 0.7645502640624999 0.575644840625 0.7638888890625 0.5848214281249999 0.7668650796875001 0.5957341265625 0.78108465625 0.621527778125 0.7959656078124999 0.6361607140625
4 0.6295363 0.70799575 0.6959012109375 0.6986922578125 0.7244319203125 0.67124695625 0.73181216875 0.6351686515625 0.7228835984375 0.5672123015625 0.7202380953125 0.55654761875 0.7142857140625 0.5491071421875 0.708664021875 0.5451388890625 0.6960978843750001 0.540674603125 0.5945767203125001 0.54092261875 0.56812169375 0.5558035718750001 0.55687830625 0.5679563484375 0.5505952375 0.5818452375 0.5505952375 0.593998015625 0.553240740625 0.603174603125 0.5889550265625 0.67237103125 0.6295363 0.70799575
7 0.8073324234375001 0.7390192140625 0.812623428125 0.7082652453125 0.8162609953125 0.6668465953125 0.81493824375 0.6633743734374999 0.8106393015625001 0.6601501671875 0.794104909375 0.652461675 0.7831922109375 0.6551898484375 0.7488006765625 0.6812315156250001 0.7411948578125 0.68966405625 0.73987210625 0.6956164359375 0.74020279375 0.705537071875 0.7570678734375 0.7424914359375 0.7607054390625 0.746211675 0.8073324234375001 0.7390192140625
19 1 0.9578373015625001 0.9894179890625001 0.9241071421875 0.9705687828125 0.8948412703124999 0.9444444437499999 0.868799603125 0.86276455 0.7926587296875 0.8346560843749999 0.771329365625 0.809193121875 0.75967261875 0.7959656078124999 0.7586805562500001 0.7850529093749999 0.7636408734375 0.7757936515625 0.7705853171875 0.7724867718749999 0.7745535718750001 0.76884920625 0.7834821421875 0.7701719578125 0.796130953125 0.775132275 0.809523809375 0.8293650796875 0.888144840625 0.8733465609375 0.9427083328125001 0.8829365078125001 0.9511408734375 0.9484126984374999 0.999751984375 0.9927248671875001 1 1 0.9945436515624999 1 0.9578373015625001