10 0.544146825 0.303240740625 0.54737103125 0.3052248671875 0.5572916671875 0.3072089953125 0.5637400796875001 0.3045634921875 0.565476190625 0.290674603125 0.55927579375 0.26884920625 0.5086805562500001 0.134259259375 0.484126984375 0.07374338593749999 0.4791666671875 0.06878306875 0.47222222187499996 0.06944444375 0.465773809375 0.072420634375 0.46304563437499996 0.0770502640625 0.46279761875 0.0873015875 0.465773809375 0.097552909375 0.54092261875 0.29794973593749996 0.544146825 0.303240740625
4 0.3162202375 0.3267195765625 0.328373015625 0.33697089999999996 0.34052579375 0.33697089999999996 0.3787202375 0.3244047625 0.393601190625 0.313161375 0.4007936515625 0.3045634921875 0.40575396875 0.29398148125 0.40947420625 0.278769840625 0.415674603125 0.23048941875 0.41468253906249997 0.2142857140625 0.4077380953125 0.191137565625 0.3762400796875 0.1269841265625 0.368799603125 0.11970899531250001 0.3658234125 0.11904761875 0.31349206406249996 0.1498015875 0.29017857187499996 0.21130952343749998 0.2896825390625 0.21891534375 0.290674603125 0.22619047656250002 0.30902777812500004 0.31812169375 0.3162202375 0.3267195765625
7 0.4935515875 0.4014550265625 0.5022321421875 0.403769840625 0.5076884921875 0.403769840625 0.5138888890625 0.4011243390625 0.5233134921875 0.3928571421875 0.525545634375 0.384920634375 0.5270337296875 0.37169312187500003 0.5265376984375 0.35582010625 0.5248015875 0.3485449734375 0.52157738125 0.340608465625 0.4950396828125 0.2916666671875 0.4890873015625 0.284391534375 0.48363095312500004 0.2791005296875 0.478174603125 0.2791005296875 0.4516369046875 0.3121693125 0.44866071406249997 0.3174603171875 0.4387400796875 0.3677248671875 0.44097222187499996 0.3753306875 0.4429563484375 0.377976190625 0.4935515875 0.4014550265625
20 0.8045634921874999 0 0.78447420625 0.01917989375 0.768353175 0.040343915625 0.5796130953125 0.3052248671875 0.5744047625 0.316137565625 0.5726686515625 0.3250661375 0.5726686515625 0.33101851875 0.5768849203124999 0.3429232796875 0.703869046875 0.5066137562499999 0.718998015625 0.525132275 0.731398809375 0.5333994703125 0.737351190625 0.534060846875 0.7435515875 0.53141534375 0.74950396875 0.5264550265625 0.9618055562500001 0.266203703125 0.974950396875 0.2486772484375 0.9789186515624999 0.24107142812500001 0.9799107140625001 0.22718253906250002 0.974950396875 0.2146164015625 0.849454365625 0.0257936515625 0.82862103125 0 0.8045634921874999 0
10 0.8448612531249999 0.249537078125 0.672777890625 0.3668519140625 0.6815278921875 0.39601858437500004 0.8526390312500001 0.275463009375 0.8448612531249999 0.249537078125
14 1 0.39021164062499997 0.9856150796875 0.38955026406250004 0.9623015875 0.4047619046875 0.8318452375 0.5039682546875001 0.82862103125 0.5082671953125 0.827380953125 0.5142195765625 0.827380953125 0.5221560843749999 0.83407738125 0.547619046875 0.840277778125 0.553240740625 0.8484623015625001 0.5552248671875 1 0.46461640156249995 1 0.39021164062499997
6 0.659722221875 0.6987433859375 0.669146825 0.6954365078125 0.671875 0.6921296296875 0.6736111109375 0.6871693125 0.6837797625 0.6524470906250001 0.6979166671875 0.5922619046875 0.7053571421875 0.5582010578125 0.7108134921875 0.5241402109375 0.7105654765625 0.51851851875 0.70907738125 0.515211640625 0.703125 0.5076058203125 0.6949404765625 0.5019841265625 0.2197420640625 0.3240740734375 0.1912202375 0.316137565625 0.1860119046875 0.3177910046875 0.178075396875 0.327380953125 0.17113095312499998 0.35648148125 0.15029761875 0.4950396828125 0.1488095234375 0.5109126984375 0.1498015875 0.521825396875 0.15649801562500001 0.5291005296875 0.655505953125 0.6987433859375 0.659722221875 0.6987433859375
12 0.749255953125 0.6888227515625001 0.7619047625 0.6917989421875 0.7834821421875 0.6861772484374999 0.7881944437499999 0.6828703703125 0.799851190625 0.66898148125 0.8055555562500001 0.65575396875 0.8112599203125 0.6081349203124999 0.8137400796875 0.5677910046875 0.810019840625 0.54431216875 0.8045634921874999 0.53141534375 0.797123015625 0.521164021875 0.7849702375 0.5132275125 0.7700892859375 0.51223545 0.7581845234375 0.5171957671875 0.7445436515625 0.5320767203125001 0.7418154765625 0.5419973546875 0.7296626984375 0.6448412703125 0.7294146828125 0.659391534375 0.7326388890625 0.671957671875 0.740575396875 0.6832010578125 0.749255953125 0.6888227515625001
17 0.08978174531250001 0.4947089953125 0.09920634843750001 0.49669312187500003 0.103174603125 0.49570105781249996 0.153521825 0.4613095234375 0.1584821421875 0.45667989374999995 0.166170634375 0.4457671953125 0.18194055781250001 0.42407873125 0.169146825 0.3703703703125 0.1681547625 0.3634259265625 0.165178571875 0.35615079375 0.1269841265625 0.29100529062499997 0.11259920625 0.27149470937500003 0.10565476250000001 0.26653439218749997 0.10019841249999999 0.264880953125 0.087549603125 0.27248677187500003 0.0391865078125 0.3171296296875 0.0240575390625 0.334656084375 0.0195932546875 0.340939153125 0.021825396875 0.3551587296875 0.087549603125 0.4920634921875 0.08978174531250001 0.4947089953125
10 0.17435515937499999 0.28075396874999997 0.178571428125 0.2820767203125 0.1832837296875 0.2804232796875 0.18725198437499999 0.27777777812500004 0.1917162703125 0.2698412703125 0.1929563484375 0.26455026406250004 0.1922123015625 0.2552910046875 0.1897321421875 0.25099206406249996 0.0396825390625 0.13161375625 0.03075396875 0.12566137500000002 0.02430555625 0.1233465609375 0.012648809375 0.127645503125 0.0079365078125 0.13723544999999998 0.0076884921875 0.14087301562500001 0.0109126984375 0.1507936515625 0.0248015875 0.165674603125 0.17435515937499999 0.28075396874999997
15 0.8045634921874999 1 0.7361111109375 0.7278439156250001 0.7331349203124999 0.724867725 0.0119047625 0.5327380953125 0.00049603125 0.53174603125 0 1 0.8045634921874999 1