20 0.1171875 0.2392578125 0.1236979171875 0.24609375 0.1341145828125 0.25 0.3684895828125 0.248046875 0.4388020828125 0.24609375 0.4453125 0.2412109375 0.4453125 0.2255859375 0.421875 0.0869140625 0.4166666671875 0.0712890625 0.4140625 0.0673828125 0.4049479171875 0.060546875 0.09765625 0.041015625 0.08984375 0.04296875 0.08333333281250001 0.0478515625 0.08072916718749999 0.0537109375 0.1067708328125 0.1943359375 0.1145833328125 0.2314453125 0.1171875 0.2392578125
13 0.5950520828125 1 0.5963541671875 0.9990234375 0.5963541671875 0.9951171875 0.4739583328125 0.6650390625 0.453042328125 0.6287202375 0.08463541718749999 0.654296875 0.05338541718749999 0.658203125 0.0455729171875 0.66015625 0.0390625 0.6650390625 0.0364583328125 0.6728515625 0.0338541671875 0.7021484375 0.03125 0.8017578125 0.03125 0.8994140625 0.0416666671875 0.9619140625 0.05208333281250001 0.9951171875 0.05598958281250001 1 0.5950520828125 1
9 0.9674479171874999 1 0.9869791671874999 0.9775390625 0.9973958328125001 0.9619140625 1 0.9326171875 0.9973958328125001 0.7587890625 0.9817708328125001 0.7431640625 0.9205729171874999 0.697265625 0.8763020828125001 0.666015625 0.80859375 0.62109375 0.6705729171875 0.533203125 0.66796875 0.533203125 0.6588541671875 0.5380859375 0.3880208328125 0.8486328125 0.3828125 0.8564453125 0.3828125 0.8583984375 0.38671875 0.86328125 0.58984375 0.98828125 0.6106770828125 1 0.9674479171874999 1
15 0.6158854171875 0 0.60546875 0.00390625 0.5872395828125 0.013671875 0.5807291671875 0.0185546875 0.578125 0.0322265625 0.5729166671875 0.3974609375 0.578125 0.5400390625 0.5807291671875 0.5439453125 0.5950520828125 0.546875 0.7513020828125 0.5546875 0.91796875 0.5625 0.9622395828125001 0.5625 0.9661458328125001 0.5595703125 0.96875 0.5498046875 0.96875 0.1220703125 0.9661458328125001 0.0009765625 0.96484375 0 0.6158854171875 0
9 0.4986979171875 0 0.4973958328125 0.0009765625 0.4973958328125 0.0068359375 0.5 0.0107421875 0.5065104171875 0.013671875 0.5221354171875 0.017578125 0.5690104171875 0.025390625 0.57421875 0.025390625 0.6067708328125 0.0009765625 0.60546875 0 0.4986979171875 0
3 0.4192708328125 0.0751953125 0.4322916671875 0.0888671875 0.4466145828125 0.099609375 0.4986979171875 0.12890625 0.5299479171875 0.138671875 0.54296875 0.138671875 0.5494791671875 0.1337890625 0.5520833328125 0.1298828125 0.5572916671875 0.1123046875 0.5572916671875 0.1005859375 0.5208333328125 0.0380859375 0.5104166671875 0.0263671875 0.4986979171875 0.017578125 0.4830729171875 0.01171875 0.4361979171875 0 0.4153645828125 0.005859375 0.40625 0.0126953125 0.4010416671875 0.0185546875 0.3984375 0.0263671875 0.3984375 0.0361328125 0.4010416671875 0.0439453125 0.4192708328125 0.0751953125
1 0.0169270828125 0 0.015625 0.0029296875 0.0260416671875 0.0224609375 0.03515625 0.029296875 0.04296875 0.03125 0.31640625 0.056640625 0.35546875 0.056640625 0.3684895828125 0.052734375 0.375 0.0478515625 0.3958333328125 0.0244140625 0.40625 0.0068359375 0.40625 0.0009765625 0.4049479171875 0 0.0169270828125 0
11 0.1171875 0.1552734375 0.1236979171875 0.158203125 0.15234375 0.158203125 0.3138020828125 0.1484375 0.3216145828125 0.146484375 0.3255208328125 0.1435546875 0.3255208328125 0.1337890625 0.3072916671875 0.0791015625 0.3046875 0.0751953125 0.2981770828125 0.0703125 0.24609375 0.0703125 0.1263020828125 0.07421875 0.09765625 0.076171875 0.09375 0.0791015625 0.09375 0.0927734375 0.1145833328125 0.1513671875 0.1171875 0.1552734375
0 0.20963541718749998 0.208984375 0.3815104171875 0.177734375 0.3893229171875 0.17578125 0.3997395828125 0.169921875 0.4010416671875 0.1669921875 0.3997395828125 0.166015625 0.3736979171875 0.166015625 0.21744791718749998 0.193359375 0.1979166671875 0.1982421875 0.1953125 0.2021484375 0.1979166671875 0.2060546875 0.20182291718749998 0.208984375 0.20963541718749998 0.208984375
1 0.1901041671875 0.3251953125 0.1979166671875 0.3330078125 0.21223958281250002 0.34375 0.23046875 0.345703125 0.24088541718749998 0.345703125 0.26953125 0.341796875 0.3841145828125 0.318359375 0.41796875 0.30859375 0.4388020828125 0.30078125 0.4479166671875 0.2958984375 0.4479166671875 0.2861328125 0.4453125 0.2783203125 0.4270833328125 0.2490234375 0.4205729171875 0.244140625 0.4153645828125 0.2421875 0.3684895828125 0.248046875 0.22526041718749998 0.2734375 0.20442708281250002 0.27734375 0.18359375 0.28515625 0.1796875 0.2880859375 0.1796875 0.2958984375 0.1875 0.3212890625 0.1901041671875 0.3251953125
16 0.4361979171875 0.3828125 0.4375 0.3818359375 0.4609375 0.3544921875 0.4609375 0.3427734375 0.43359375 0.32421875 0.4205729171875 0.31640625 0.4075520828125 0.310546875 0.3606770828125 0.322265625 0.3541666671875 0.3271484375 0.3489583328125 0.3330078125 0.3489583328125 0.3369140625 0.4283854171875 0.3828125 0.4361979171875 0.3828125
14 0.1953125 0.4423828125 0.203125 0.4677734375 0.20703125 0.470703125 0.21223958281250002 0.470703125 0.21614583281250002 0.4677734375 0.21875 0.4599609375 0.21875 0.4541015625 0.203125 0.3427734375 0.20052083281250002 0.3369140625 0.1901041671875 0.3251953125 0.18359375 0.3203125 0.1783854171875 0.3203125 0.1770833328125 0.3212890625 0.1770833328125 0.3466796875 0.1848958328125 0.3935546875 0.1953125 0.4423828125
14 0.22265625 0.494140625 0.2265625 0.4912109375 0.23177083281250002 0.4755859375 0.24739583281250002 0.3818359375 0.24739583281250002 0.3623046875 0.24479166718749998 0.3525390625 0.23828125 0.34765625 0.23567708281250002 0.34765625 0.23177083281250002 0.3505859375 0.2265625 0.3681640625 0.21875 0.4287109375 0.21354166718749998 0.4814453125 0.21614583281250002 0.4912109375 0.22005208281250002 0.494140625 0.22265625 0.494140625
18 0.0416666671875 0.3642578125 0.06119791718749999 0.37890625 0.07942708281250001 0.38671875 0.1028645828125 0.384765625 0.1106770828125 0.3828125 0.1263020828125 0.376953125 0.1614583328125 0.3564453125 0.1640625 0.3427734375 0.1640625 0.3330078125 0.1614583328125 0.3212890625 0.1536458328125 0.3134765625 0.1393229171875 0.302734375 0.1263020828125 0.298828125 0.11328125 0.296875 0.09244791718749999 0.296875 0.07421875 0.30078125 0.06901041718749999 0.302734375 0.0494791671875 0.3173828125 0.0390625 0.3310546875 0.0338541671875 0.3408203125 0.0338541671875 0.3544921875 0.0364583328125 0.3583984375 0.0416666671875 0.3642578125
17 0.26953125 0.42578125 0.31640625 0.439453125 0.3736979171875 0.455078125 0.3841145828125 0.455078125 0.3893229171875 0.453125 0.3932291671875 0.4482421875 0.421875 0.3857421875 0.421875 0.3798828125 0.41796875 0.376953125 0.4075520828125 0.373046875 0.30078125 0.33984375 0.29296875 0.33984375 0.2890625 0.3427734375 0.2604166671875 0.4072265625 0.2604166671875 0.4189453125 0.2630208328125 0.4228515625 0.26953125 0.42578125
12 0.0377604171875 0.53125 0.05338541718749999 0.537109375 0.07421875 0.541015625 0.1861979171875 0.5390625 0.1940104171875 0.537109375 0.20052083281250002 0.5322265625 0.21354166718749998 0.5107421875 0.21354166718749998 0.4892578125 0.20833333281250002 0.4755859375 0.19921875 0.46875 0.19140625 0.466796875 0.05598958281250001 0.46484375 0.0455729171875 0.466796875 0.0325520828125 0.47265625 0.0234375 0.4794921875 0.0182291671875 0.4853515625 0.015625 0.4912109375 0.015625 0.5107421875 0.0208333328125 0.5185546875 0.0377604171875 0.53125
4 0.3893229171875 0.603515625 0.4583333328125 0.5517578125 0.4635416671875 0.5439453125 0.4635416671875 0.5302734375 0.4583333328125 0.5205078125 0.4466145828125 0.509765625 0.43359375 0.50390625 0.4127604171875 0.5 0.40234375 0.5 0.3684895828125 0.505859375 0.2838541671875 0.5380859375 0.28125 0.5419921875 0.28125 0.5498046875 0.2981770828125 0.595703125 0.3893229171875 0.603515625