19 0 0.2197265625 0.0013020828125 0.220703125 0.0169270828125 0.220703125 0.0325520828125 0.21484375 0.04296875 0.208984375 0.05208333281250001 0.2001953125 0.05729166718749999 0.1904296875 0.05729166718749999 0.1787109375 0.0546875 0.1708984375 0.013020832812499999 0.1044921875 0.0013020828125 0.09375 0 0.0947265625 0 0.2197265625
1 0.2721354171875 0 0.2708333328125 0.0009765625 0.2708333328125 0.0068359375 0.2734375 0.0205078125 0.3020833328125 0.1552734375 0.3125 0.1728515625 0.32421875 0.181640625 0.3372395828125 0.185546875 0.36328125 0.1875 0.6940104171875 0.1953125 0.7669270828125 0.1953125 0.87890625 0.19140625 0.91796875 0.18359375 0.9283854171874999 0.1796875 0.9388020828125001 0.173828125 0.9505208328125001 0.1611328125 0.9609375 0.1337890625 0.9947916671874999 0.0029296875 0.9934895828125001 0 0.2721354171875 0
8 0.0455729171875 0.533203125 0.06640625 0.53515625 0.57421875 0.5625 0.9466145828125001 0.580078125 0.9934895828125001 0.580078125 0.9973958328125001 0.5771484375 0.9973958328125001 0.3193359375 0.9817708328125001 0.2275390625 0.9765625 0.2099609375 0.9674479171874999 0.203125 0.8528645828125001 0.1953125 0.21744791718749998 0.18359375 0.17578125 0.18359375 0.16796875 0.185546875 0.1614583328125 0.1923828125 0.140625 0.2392578125 0.08072916718749999 0.3779296875 0.05208333281250001 0.4482421875 0.03125 0.5009765625 0.03125 0.5205078125 0.0364583328125 0.5283203125 0.0455729171875 0.533203125
11 0.10507560625000001 0.45731769843750003 0.2778052359375 0.4616317484375 0.32573438125 0.24883814218750003 0.323823915625 0.24000223906249998 0.3138020828125 0.232421875 0.3059895828125 0.23046875 0.1731770828125 0.23046875 0.1653645828125 0.232421875 0.15625 0.2373046875 0.1458333328125 0.2607421875 0.09375 0.4130859375 0.08854166718749999 0.4287109375 0.085652540625 0.4451384796875 0.09361281406250001 0.45325795781249995 0.10507560625000001 0.45731769843750003
16 0.3828125 0.3193359375 0.38671875 0.32421875 0.3997395828125 0.32421875 0.5481770828125 0.294921875 0.5716145828125 0.2890625 0.5755208328125 0.2861328125 0.5729166671875 0.2783203125 0.5520833328125 0.2431640625 0.5416666671875 0.2275390625 0.5377604171875 0.224609375 0.5299479171875 0.224609375 0.3736979171875 0.25390625 0.3606770828125 0.2578125 0.359375 0.2587890625 0.359375 0.2666015625 0.3645833328125 0.2802734375 0.3828125 0.3193359375
17 0.20442708281250002 0.58984375 0.21223958281250002 0.591796875 0.24348958281250002 0.591796875 0.46484375 0.56640625 0.48828125 0.5625 0.4934895828125 0.560546875 0.5026041671875 0.5537109375 0.5026041671875 0.5400390625 0.4765625 0.4111328125 0.4739583328125 0.4052734375 0.44921875 0.3828125 0.43359375 0.3828125 0.22786458281250002 0.4140625 0.1940104171875 0.419921875 0.1888020828125 0.421875 0.1822916671875 0.4267578125 0.1822916671875 0.4404296875 0.1979166671875 0.5849609375 0.20442708281250002 0.58984375
18 0 0.5751953125 0.00390625 0.576171875 0.0260416671875 0.5537109375 0.0338541671875 0.5400390625 0.0416666671875 0.4736328125 0.0416666671875 0.4560546875 0.0364583328125 0.4482421875 0.0221354171875 0.435546875 0.006510417187500001 0.4296875 0.0013020828125 0.4296875 0 0.4306640625 0 0.5751953125
7 0 0.7451171875 0.06640625 0.791015625 0.07421875 0.79296875 0.1497395828125 0.78125 0.15625 0.7763671875 0.20052083281250002 0.6748046875 0.20052083281250002 0.6708984375 0.1940104171875 0.6640625 0.18359375 0.66015625 0.1627604171875 0.65625 0.10546875 0.654296875 0.014322917187500001 0.6796875 0.0052083328125 0.6865234375 0 0.7197265625 0 0.7451171875
14 0.20963541718749998 0.99609375 0.21614583281250002 0.9912109375 0.22916666718749998 0.9716796875 0.2526041671875 0.9228515625 0.3541666671875 0.6748046875 0.3541666671875 0.6630859375 0.34765625 0.66015625 0.3424479171875 0.66015625 0.3359375 0.6650390625 0.3333333328125 0.6689453125 0.22916666718749998 0.8837890625 0.21875 0.9091796875 0.203125 0.9658203125 0.1979166671875 0.9873046875 0.1979166671875 0.9931640625 0.20442708281250002 0.99609375 0.20963541718749998 0.99609375
2 0.56640625 0.86328125 0.5716145828125 0.865234375 0.6341145828125 0.880859375 0.7825520828125 0.912109375 0.7955729171875 0.9140625 0.80859375 0.912109375 0.8177083328125001 0.9052734375 0.8203125 0.8994140625 0.8229166671874999 0.8857421875 0.8567708328125001 0.6865234375 0.8697916671874999 0.5830078125 0.86328125 0.578125 0.8528645828125001 0.576171875 0.71484375 0.568359375 0.66015625 0.568359375 0.6276041671875 0.5927734375 0.625 0.6005859375 0.5520833328125 0.8251953125 0.5520833328125 0.8427734375 0.5572916671875 0.8564453125 0.56640625 0.86328125
4 0.7760416671875 0.5146484375 0.7877604171875 0.5234375 0.8841145828125001 0.5703125 0.9583333328125001 0.5048828125 0.9661458328125001 0.4931640625 0.9661458328125001 0.4716796875 0.9609375 0.4482421875 0.9557291671874999 0.4326171875 0.9479166671874999 0.4208984375 0.9114583328125001 0.3916015625 0.89453125 0.380859375 0.88671875 0.37890625 0.7721354171875 0.373046875 0.75390625 0.373046875 0.6861979171875 0.404296875 0.6796875 0.4091796875 0.6770833328125 0.4130859375 0.6770833328125 0.4208984375 0.6796875 0.4248046875 0.7760416671875 0.5146484375
3 0.7721354171875 0.296875 0.7825520828125 0.302734375 0.8059895828125001 0.310546875 0.85546875 0.314453125 0.8763020828125001 0.314453125 0.8919270828125001 0.310546875 0.9375 0.2744140625 0.9427083328125001 0.2666015625 0.9453125 0.2587890625 0.9453125 0.2490234375 0.9427083328125001 0.2431640625 0.9192708328125001 0.2021484375 0.9153645828125001 0.19921875 0.8268229171874999 0.205078125 0.80078125 0.2109375 0.78515625 0.216796875 0.765625 0.2314453125 0.7578125 0.2451171875 0.7552083328125 0.2529296875 0.7552083328125 0.2744140625 0.7630208328125 0.2880859375 0.7721354171875 0.296875