5 0.4072265625 0.9427083328125001 0.4150390625 0.9427083328125001 0.7158203125 0.8515625 0.7236328125 0.8463541671874999 0.728515625 0.83984375 0.708984375 0.76171875 0.7041015625 0.7578125 0.6884765625 0.7526041671875 0.6650390625 0.7526041671875 0.6513671875 0.7552083328125 0.4580078125 0.796875 0.4326171875 0.8046875 0.4013671875 0.8229166671874999 0.3984375 0.8268229171874999 0.3984375 0.8424479171874999 0.404296875 0.9388020828125001 0.4072265625 0.9427083328125001
8 1 0.531436378125 0.943359375 0.33984375 0.9140625 0.24348958281250002 0.87925354375 0.1315349171875 0.86733595 0.12005871718750001 0.6201171875 0.1302083328125 0.22974471406250002 0.142128334375 0.2109375 0.2721354171875 0.15956333125 0.637370540625 0.1628737734375 0.68327534375 0.180088075 0.7044621765625 0.3662109375 0.7005208328125 0.7939453125 0.6848958328125 0.9443359375 0.6744791671875 1 0.6673852203124999 1 0.531436378125
9 0.3330078125 0 0.330078125 0.00390625 0.330078125 0.0299479171875 0.331332825 0.1369569609375 0.5205078125 0.1328125 0.7353515625 0.125 0.8134765625 0.1041666671875 0.818359375 0.09765625 0.826171875 0.01171875 0.826171875 0.0013020828125 0.8251953125 0 0.3330078125 0
2 0.2275390625 0.2630208328125 0.2373046875 0.265625 0.2783203125 0.265625 0.5009765625 0.2578125 0.5166015625 0.2552083328125 0.51953125 0.24869791718749998 0.513671875 0.1158854171875 0.5107421875 0.109375 0.2861328125 0.1145833328125 0.2412109375 0.1171875 0.23828125 0.1236979171875 0.236328125 0.1341145828125 0.2265625 0.20182291718749998 0.22265625 0.23567708281250002 0.22265625 0.2513020828125 0.224609375 0.2591145828125 0.2275390625 0.2630208328125
11 0.626953125 0.29296875 0.6318359375 0.2994791671875 0.6357421875 0.3020833328125 0.6474609375 0.3020833328125 0.6708984375 0.296875 0.8603515625 0.2421875 0.8994140625 0.22916666718749998 0.904296875 0.22005208281250002 0.904296875 0.20963541718749998 0.8984375 0.1966145828125 0.8515625 0.1158854171875 0.8408203125 0.1041666671875 0.8154296875 0.1041666671875 0.7119140625 0.1302083328125 0.5966796875 0.1614583328125 0.58984375 0.16796875 0.587890625 0.1731770828125 0.587890625 0.1783854171875 0.591796875 0.19140625 0.626953125 0.29296875
10 0.46484375 0.6106770828125 0.4736328125 0.6223958328125 0.4775390625 0.625 0.4873046875 0.6197916671875 0.48828125 0.6184895828125 0.48828125 0.6002604171875 0.482421875 0.5846354171875 0.390625 0.3841145828125 0.375 0.3528645828125 0.3583984375 0.328125 0.3544921875 0.3255208328125 0.3505859375 0.3255208328125 0.345703125 0.3294270828125 0.34375 0.3372395828125 0.34375 0.3606770828125 0.3671875 0.4153645828125 0.46484375 0.6106770828125
3 0 0.67578125 0.005859375 0.69921875 0.021484375 0.73046875 0.0380859375 0.7526041671875 0.0888671875 0.8020833328125001 0.1044921875 0.8151041671874999 0.1201171875 0.8229166671874999 0.1318359375 0.8255208328125001 0.1552734375 0.8255208328125001 0.2392578125 0.8098958328125001 0.2529296875 0.7994791671875 0.255859375 0.7955729171875 0.314453125 0.51953125 0.3125 0.4856770828125 0.2724609375 0.4453125 0.2607421875 0.4453125 0.2451171875 0.4479166671875 0.1787109375 0.4609375 0.0478515625 0.5364583328125 0.0322265625 0.546875 0.017578125 0.5638020828125 0.009765625 0.5768229171875 0.001953125 0.5950520828125 0 0.6028645828125 0 0.67578125
19 0.02734375 0.23828125 0.033203125 0.25390625 0.07421875 0.3372395828125 0.10546875 0.3997395828125 0.1171875 0.4205729171875 0.1259765625 0.4322916671875 0.1376953125 0.4401041671875 0.1455078125 0.4427083328125 0.1689453125 0.4427083328125 0.1826171875 0.4375 0.1875 0.4309895828125 0.19140625 0.4153645828125 0.201171875 0.3424479171875 0.203125 0.31640625 0.19921875 0.2981770828125 0.19140625 0.2721354171875 0.1640625 0.1888020828125 0.158203125 0.17578125 0.150390625 0.1627604171875 0.0791015625 0.06770833281250001 0.0751953125 0.06510416718749999 0.0673828125 0.0625 0.0458984375 0.0625 0.0361328125 0.06510416718749999 0.0224609375 0.07552083281250001 0.015625 0.08463541718749999 0.01171875 0.09244791718749999 0.009765625 0.09765625 0.009765625 0.1106770828125 0.0234375 0.22005208281250002 0.02734375 0.23828125
4 0.453125 0.40234375 0.474609375 0.4466145828125 0.5361328125 0.5208333328125 0.5478515625 0.53125 0.5615234375 0.5390625 0.5712890625 0.5416666671875 0.6005859375 0.5416666671875 0.6103515625 0.5390625 0.6240234375 0.53125 0.6298828125 0.5260416671875 0.640625 0.51171875 0.646484375 0.49609375 0.66015625 0.42578125 0.662109375 0.4153645828125 0.662109375 0.3971354171875 0.66015625 0.3893229171875 0.65234375 0.3736979171875 0.6005859375 0.3020833328125 0.5927734375 0.296875 0.5126953125 0.2604166671875 0.4951171875 0.2604166671875 0.4814453125 0.265625 0.4677734375 0.2760416671875 0.455078125 0.29296875 0.451171875 0.30078125 0.447265625 0.3138020828125 0.4453125 0.3216145828125 0.447265625 0.3815104171875 0.44921875 0.3919270828125 0.453125 0.40234375
14 0.7109375 0.65234375 0.720703125 0.68359375 0.7236328125 0.6875 0.7294921875 0.6875 0.734375 0.6809895828125 0.740234375 0.6497395828125 0.734375 0.3893229171875 0.728515625 0.3606770828125 0.71484375 0.32421875 0.7119140625 0.3203125 0.7041015625 0.3203125 0.703125 0.3216145828125 0.69921875 0.3424479171875 0.69921875 0.4309895828125 0.703125 0.5325520828125 0.7109375 0.65234375
4 1 0.4309895828125 0.9921875 0.4153645828125 0.9716796875 0.3880208328125 0.9658203125 0.3828125 0.9501953125 0.3697916671875 0.8447265625 0.3255208328125 0.8388671875 0.3255208328125 0.8134765625 0.3411458328125 0.7880859375 0.3697916671875 0.77734375 0.3841145828125 0.77734375 0.3919270828125 0.779296875 0.3997395828125 0.861328125 0.5716145828125 0.876953125 0.59765625 0.8837890625 0.6067708328125 0.8876953125 0.6067708328125 0.9892578125 0.5598958328125 0.9970703125 0.5546875 1 0.55078125 1 0.4309895828125