9 0.453125 0.9934895828125001 0.45703125 0.98046875 0.4921875 0.83984375 0.498046875 0.8111979171874999 0.498046875 0.8033854171874999 0.4910688703125 0.6848218187499999 0.4599609375 0.6979166671875 0.1279296875 0.8125 0.12109375 0.8216145828125001 0.037109375 0.98828125 0.03515625 0.9934895828125001 0.0380859375 0.9973958328125001 0.4501953125 0.9973958328125001 0.453125 0.9934895828125001
9 0.134765625 0.81640625 0.13671875 0.8268229171874999 0.1396484375 0.8307291671874999 0.48731195312500003 0.6864949046875 0.5538031875 0.5112029421875001 0.5414103890625 0.48951554531249997 0.1943359375 0.5338541671875 0.1240234375 0.5729166671875 0.123046875 0.57421875 0.123046875 0.5950520828125 0.130859375 0.76953125 0.134765625 0.81640625
20 0.2060546875 0 0.1337890625 0.0416666671875 0.1025390625 0.0625 0.099609375 0.06640625 0.095703125 0.07421875 0.095703125 0.08984375 0.1015625 0.10546875 0.142578125 0.18359375 0.1533203125 0.20052083281250002 0.1572265625 0.20052083281250002 0.45703125 0.08984375 0.45703125 0.07942708281250001 0.4375 0.014322917187500001 0.4287109375 0 0.2060546875 0
1 0.1015625 0.5455729171875 0.10546875 0.5533854171875 0.1162109375 0.5677083328125 0.2255859375 0.578125 0.2373046875 0.578125 0.3193359375 0.5598958328125 0.4033203125 0.5390625 0.5107421875 0.5 0.5400390625 0.4869791671875 0.5595703125 0.4765625 0.5703125 0.4622395828125 0.611328125 0.3919270828125 0.642578125 0.18359375 0.64453125 0.1627604171875 0.642578125 0.14453125 0.640625 0.13671875 0.6318359375 0.125 0.5947265625 0.0859375 0.5693359375 0.06770833281250001 0.5615234375 0.06510416718749999 0.5322265625 0.06510416718749999 0.3525390625 0.09375 0.3193359375 0.1015625 0.1220703125 0.1588541671875 0.119140625 0.1627604171875 0.068359375 0.30078125 0.06640625 0.3111979171875 0.068359375 0.4440104171875 0.0859375 0.50390625 0.1015625 0.5455729171875
10 0.240234375 0.4830729171875 0.25 0.3268229171875 0.25 0.2799479171875 0.248046875 0.26171875 0.24609375 0.2565104171875 0.2392578125 0.25 0.232421875 0.2565104171875 0.2265625 0.2903645828125 0.224609375 0.3684895828125 0.22265625 0.4856770828125 0.2275390625 0.4947916671875 0.2353515625 0.4947916671875 0.240234375 0.4830729171875
19 0.3017578125 0.328125 0.3193359375 0.3333333328125 0.3603515625 0.3385416671875 0.3759765625 0.3359375 0.3828125 0.3268229171875 0.38671875 0.3190104171875 0.390625 0.2981770828125 0.390625 0.28515625 0.359375 0.1966145828125 0.3544921875 0.1901041671875 0.3447265625 0.1848958328125 0.3251953125 0.1848958328125 0.3134765625 0.1901041671875 0.306640625 0.19921875 0.3046875 0.20442708281250002 0.291015625 0.2981770828125 0.29296875 0.31640625 0.294921875 0.3216145828125 0.3017578125 0.328125
5 0.4541015625 0.5104166671875 0.4638671875 0.5182291671875 0.4794921875 0.5182291671875 0.4970703125 0.5104166671875 0.501953125 0.50390625 0.501953125 0.48828125 0.498046875 0.4778645828125 0.44140625 0.35546875 0.43359375 0.33984375 0.4052734375 0.3020833328125 0.3994140625 0.296875 0.3935546875 0.2994791671875 0.3486328125 0.3359375 0.34765625 0.3372395828125 0.34765625 0.3424479171875 0.349609375 0.34765625 0.4541015625 0.5104166671875
7 0.4931640625 0.3984375 0.5215307984375 0.3238647453125 0.5663109796875 0.27923533906250003 0.598426059375 0.24485863437500002 0.5888671875 0.23697916718749998 0.5400390625 0.24739583281250002 0.4970703125 0.2708333328125 0.484375 0.2877604171875 0.482421875 0.2955729171875 0.486328125 0.3971354171875 0.4873046875 0.3984375 0.4931640625 0.3984375
8 1 0.52734375 0.9951171875 0.5234375 0.9169921875 0.4973958328125 0.6123046875 0.4010416671875 0.6025390625 0.4010416671875 0.595703125 0.4075520828125 0.470703125 0.7200520828125 0.46484375 0.7434895828125 0.46484375 0.7591145828125 0.466796875 0.7669270828125 0.4775390625 0.78125 0.906773721875 0.99944868125 0.9990234375 0.9947916671874999 1 0.9934895828125001 1 0.52734375
11 0.591796875 0.8346354171874999 0.6103515625 0.875 0.6201171875 0.8828125 0.6259765625 0.8854166671874999 0.6298828125 0.8854166671874999 0.6689453125 0.8671875 0.7314453125 0.8333333328125001 0.7421875 0.8216145828125001 0.744140625 0.8138020828125001 0.744140625 0.8059895828125001 0.7421875 0.7981770828125 0.619140625 0.5611979171875 0.6123046875 0.5520833328125 0.6083984375 0.5494791671875 0.5927734375 0.5494791671875 0.5361328125 0.5729166671875 0.5107421875 0.5859375 0.50390625 0.5950520828125 0.50390625 0.6080729171875 0.5078125 0.6236979171875 0.591796875 0.8346354171874999
14 0.6435546875 0.515625 0.7548828125 0.6510416671875 0.7666015625 0.6614583328125 0.7763671875 0.6614583328125 0.77734375 0.66015625 0.77734375 0.65234375 0.771484375 0.63671875 0.7392578125 0.59375 0.6396484375 0.46875 0.6298828125 0.4609375 0.6259765625 0.4609375 0.623046875 0.46484375 0.623046875 0.4674479171875 0.6328125 0.5013020828125 0.6435546875 0.515625
11 0.25390625 0.8268229171874999 0.259765625 0.83984375 0.2646484375 0.84375 0.2744140625 0.8463541671874999 0.2919921875 0.8463541671874999 0.3505859375 0.8385416671874999 0.3740234375 0.8333333328125001 0.3818359375 0.828125 0.38671875 0.8216145828125001 0.388671875 0.81640625 0.388671875 0.7981770828125 0.38671875 0.7721354171875 0.369140625 0.6263020828125 0.36328125 0.5846354171875 0.359375 0.5690104171875 0.3564453125 0.5651041671875 0.3486328125 0.5625 0.2587890625 0.5651041671875 0.2548828125 0.5677083328125 0.25 0.57421875 0.248046875 0.5794270828125 0.248046875 0.7434895828125 0.251953125 0.8190104171874999 0.25390625 0.8268229171874999