20 0.5416666671875 0.9287109375 0.55078125 0.935546875 0.5611979171875 0.939453125 0.5768229171875 0.939453125 0.5846354171875 0.9375 0.9049479171874999 0.822265625 0.9388020828125001 0.80859375 0.9479166671874999 0.8017578125 0.9505208328125001 0.7978515625 0.9505208328125001 0.7841796875 0.8854166671874999 0.7099609375 0.87890625 0.705078125 0.4778645828125 0.787109375 0.4739583328125 0.7900390625 0.4739583328125 0.7958984375 0.5390625 0.9248046875 0.5416666671875 0.9287109375
9 0.5716145828125 0 0.5416666671875 0.0478515625 0.4505208328125 0.2119140625 0.4479166671875 0.2197265625 0.4479166671875 0.2255859375 0.48046875 0.31640625 0.4986979171875 0.31640625 0.9309895828125001 0.251953125 0.9479166671874999 0.2392578125 0.9947916671874999 0.1943359375 0.9973958328125001 0.1904296875 1 0.0146484375 1 0.0048828125 0.9973958328125001 0.0009765625 0.99609375 0 0.5716145828125 0
9 0.36328125 0.478515625 0.8268229171874999 0.455078125 0.9153645828125001 0.4296875 0.9192708328125001 0.4208984375 0.9270833328125001 0.2587890625 0.9231770828125001 0.255859375 0.87890625 0.255859375 0.8372395828125001 0.259765625 0.6158854171875 0.29296875 0.4700520828125 0.322265625 0.4609375 0.3271484375 0.4453125 0.3447265625 0.3515625 0.4580078125 0.3489583328125 0.4638671875 0.3515625 0.4716796875 0.3606770828125 0.478515625 0.36328125 0.478515625
2 0.5989583328125 0.2451171875 0.6510416671875 0.3232421875 0.6666666671875 0.3447265625 0.6783854171875 0.357421875 0.68359375 0.359375 0.69921875 0.359375 0.7981770828125 0.328125 0.8268229171874999 0.31640625 0.8307291671874999 0.3134765625 0.8359375 0.3076171875 0.8359375 0.2998046875 0.8098958328125001 0.2392578125 0.7864583328125 0.1923828125 0.75 0.1259765625 0.734375 0.1005859375 0.7200520828125 0.08984375 0.70703125 0.0859375 0.6940104171875 0.0859375 0.6653645828125 0.091796875 0.6341145828125 0.1015625 0.5924479171875 0.12109375 0.5794270828125 0.12890625 0.5651041671875 0.1396484375 0.5598958328125 0.1455078125 0.5572916671875 0.1513671875 0.5572916671875 0.1708984375 0.5729166671875 0.2021484375 0.5989583328125 0.2451171875
8 0 0.3505859375 0.0026041671875 0.4931640625 0.006510417187500001 0.498046875 0.0221354171875 0.501953125 0.25390625 0.546875 0.2721354171875 0.546875 0.28125 0.5419921875 0.2916666671875 0.5302734375 0.4739583328125 0.3095703125 0.4895833328125 0.2822265625 0.4895833328125 0.2646484375 0.4869791671875 0.2607421875 0.47265625 0.25 0.2877604171875 0.173828125 0.2565104171875 0.162109375 0.01171875 0.091796875 0.0013020828125 0.091796875 0 0.0927734375 0 0.3505859375
4 0.1458333328125 0.3388671875 0.15625 0.3544921875 0.1744791671875 0.3740234375 0.19921875 0.392578125 0.20703125 0.396484375 0.22005208281250002 0.40234375 0.24609375 0.40625 0.26953125 0.40625 0.3111979171875 0.3984375 0.3346354171875 0.390625 0.36328125 0.375 0.3828125 0.3583984375 0.4114583328125 0.3232421875 0.4114583328125 0.3193359375 0.4010416671875 0.2822265625 0.3932291671875 0.2685546875 0.3541666671875 0.2119140625 0.3216145828125 0.1875 0.3033854171875 0.17578125 0.26171875 0.16015625 0.23828125 0.15625 0.22265625 0.15625 0.20442708281250002 0.158203125 0.19140625 0.162109375 0.1692708328125 0.1767578125 0.15625 0.1943359375 0.1484375 0.2119140625 0.1302083328125 0.2919921875 0.1302083328125 0.3056640625 0.1354166671875 0.3212890625 0.1458333328125 0.3388671875
14 0.22005208281250002 0.4921875 0.23567708281250002 0.5 0.24088541718749998 0.5 0.24479166718749998 0.4970703125 0.24479166718749998 0.4931640625 0.23177083281250002 0.4658203125 0.06380208281250001 0.33984375 0.0403645828125 0.330078125 0.03515625 0.33203125 0.0338541671875 0.3330078125 0.0338541671875 0.3388671875 0.0416666671875 0.3544921875 0.22005208281250002 0.4921875
1 0.22265625 0.76171875 0.3033854171875 0.802734375 0.3268229171875 0.80859375 0.37109375 0.80859375 0.6002604171875 0.787109375 0.6184895828125 0.78515625 0.7174479171875 0.76953125 0.7747395828125 0.75390625 0.80859375 0.7421875 0.8372395828125001 0.73046875 0.8502604171874999 0.72265625 0.8854166671874999 0.6962890625 0.8984375 0.6748046875 0.8984375 0.6572265625 0.8828125 0.5751953125 0.8645833328125001 0.5341796875 0.8359375 0.4775390625 0.8125 0.4384765625 0.8046875 0.4287109375 0.7955729171875 0.421875 0.7747395828125 0.419921875 0.65234375 0.435546875 0.4388020828125 0.466796875 0.4049479171875 0.47265625 0.3346354171875 0.48828125 0.3294270828125 0.490234375 0.3203125 0.4970703125 0.2578125 0.5517578125 0.2552083328125 0.5615234375 0.21354166718749998 0.7353515625 0.21354166718749998 0.7412109375 0.21875 0.7587890625 0.22265625 0.76171875
10 0.765625 0.6650390625 0.76953125 0.66796875 0.7799479171875 0.66796875 0.7838541671875 0.6630859375 0.7890625 0.6494140625 0.7916666671875 0.6357421875 0.796875 0.5224609375 0.796875 0.4912109375 0.7903645828125 0.486328125 0.7825520828125 0.486328125 0.7786458328125 0.4892578125 0.7734375 0.4990234375 0.7682291671875 0.5419921875 0.7604166671875 0.6123046875 0.7604166671875 0.6494140625 0.7630208328125 0.6611328125 0.765625 0.6650390625
19 0.5729166671875 0.6474609375 0.6145833328125 0.7099609375 0.62109375 0.71484375 0.6263020828125 0.716796875 0.6627604171875 0.716796875 0.67578125 0.712890625 0.6848958328125 0.7060546875 0.6875 0.7021484375 0.703125 0.6376953125 0.703125 0.6142578125 0.6966145828125 0.609375 0.65234375 0.603515625 0.58203125 0.603515625 0.57421875 0.60546875 0.5703125 0.6083984375 0.5677083328125 0.6123046875 0.5677083328125 0.6337890625 0.5703125 0.6416015625 0.5729166671875 0.6474609375
7 0.4205729171875 0.65234375 0.4309895828125 0.6484375 0.4453125 0.6357421875 0.4401041671875 0.5537109375 0.4388020828125 0.552734375 0.43359375 0.552734375 0.2994791671875 0.6572265625 0.2890625 0.6728515625 0.2981770828125 0.677734375 0.36328125 0.66796875 0.4205729171875 0.65234375