9 0 0.7353515625 0.0026041671875 0.7412109375 0.009114582812499999 0.74609375 0.05598958281250001 0.75 0.22272014375000002 0.7612400078125 0.328125 0.4423828125 0.3307291671875 0.4306640625 0.328125 0.4228515625 0.3216145828125 0.41796875 0.05338541718749999 0.40625 0.01953125 0.40625 0.013020832812499999 0.4091796875 0.0078125 0.4150390625 0.0026041671875 0.4248046875 0 0.4326171875 0 0.7353515625
1 0.5013020828125 0.439453125 0.9908854171874999 0.443359375 0.9973958328125001 0.4384765625 1 0.1455078125 0.9973958328125001 0.1318359375 0.99609375 0.130859375 0.98828125 0.12890625 0.93359375 0.125 0.81640625 0.12109375 0.78515625 0.12109375 0.7513020828125 0.123046875 0.41796875 0.15234375 0.4114583328125 0.1572265625 0.4088541671875 0.1630859375 0.4114583328125 0.1748046875 0.4973958328125 0.4345703125 0.5013020828125 0.439453125
19 0.3359375 0.4443359375 0.3372395828125 0.4453125 0.4153645828125 0.4453125 0.4205729171875 0.443359375 0.4296875 0.4365234375 0.4322916671875 0.4306640625 0.4322916671875 0.4208984375 0.421875 0.3583984375 0.4166666671875 0.3330078125 0.4114583328125 0.3193359375 0.375 0.2705078125 0.3658854171875 0.263671875 0.3606770828125 0.26171875 0.3372395828125 0.26171875 0.3268229171875 0.265625 0.3203125 0.2705078125 0.3177083328125 0.2744140625 0.3046875 0.3271484375 0.3046875 0.3330078125 0.3072916671875 0.3466796875 0.3359375 0.4443359375
8 0.1236979171875 0.78125 0.12890625 0.783203125 0.18359375 0.783203125 0.9596354171874999 0.763671875 0.9908854171874999 0.76171875 0.9973958328125001 0.7568359375 0.9973958328125001 0.6728515625 0.9947916671874999 0.6650390625 0.8958333328125001 0.4443359375 0.8932291671874999 0.4404296875 0.8841145828125001 0.43359375 0.87890625 0.431640625 0.8033854171874999 0.431640625 0.22265625 0.451171875 0.20963541718749998 0.453125 0.20052083281250002 0.4580078125 0.1953125 0.4677734375 0.1354166671875 0.6748046875 0.1145833328125 0.7490234375 0.1145833328125 0.7724609375 0.1171875 0.7763671875 0.1236979171875 0.78125
16 0.16796875 0.591796875 0.20182291718749998 0.58984375 0.3059895828125 0.58203125 0.3151041671875 0.5771484375 0.3177083328125 0.5595703125 0.3177083328125 0.5185546875 0.31640625 0.517578125 0.2825520828125 0.517578125 0.1627604171875 0.525390625 0.1549479171875 0.52734375 0.1484375 0.5361328125 0.1380208328125 0.5830078125 0.1380208328125 0.5888671875 0.1419270828125 0.591796875 0.16796875 0.591796875
7 0.2916666671875 0.7255859375 0.296875 0.7099609375 0.296875 0.7060546875 0.2942708328125 0.6669921875 0.2903645828125 0.6640625 0.28515625 0.662109375 0.27734375 0.662109375 0.1627604171875 0.6640625 0.1614583328125 0.6650390625 0.1458333328125 0.7314453125 0.1731770828125 0.75 0.1783854171875 0.751953125 0.2916666671875 0.7255859375
11 0.3984375 0.7314453125 0.4010416671875 0.7353515625 0.4049479171875 0.73828125 0.4153645828125 0.7421875 0.4388020828125 0.7421875 0.5559895828125 0.734375 0.5690104171875 0.73046875 0.578125 0.7236328125 0.5807291671875 0.7177734375 0.5807291671875 0.7080078125 0.546875 0.5205078125 0.5442708328125 0.5166015625 0.53515625 0.51171875 0.49609375 0.51171875 0.4127604171875 0.517578125 0.4049479171875 0.51953125 0.3958333328125 0.5244140625 0.3932291671875 0.5302734375 0.3932291671875 0.5966796875 0.3958333328125 0.6982421875 0.3984375 0.7314453125
0 0.6158854171875 0.76953125 0.6184895828125 0.76953125 0.6223958328125 0.7646484375 0.6328125 0.7451171875 0.6354166671875 0.7353515625 0.6614583328125 0.5302734375 0.6549479171875 0.5234375 0.64453125 0.5234375 0.640625 0.5263671875 0.6354166671875 0.5498046875 0.609375 0.7255859375 0.609375 0.7451171875 0.6145833328125 0.7685546875 0.6158854171875 0.76953125
3 0.8020833328125001 0.5947265625 0.81640625 0.60546875 0.85546875 0.625 0.8763020828125001 0.630859375 0.8971354171874999 0.630859375 0.9518229171874999 0.6171875 0.9596354171874999 0.61328125 0.96875 0.6064453125 0.9765625 0.5986328125 0.9817708328125001 0.5908203125 0.9817708328125001 0.5771484375 0.9713541671874999 0.5498046875 0.9622395828125001 0.544921875 0.8997395828125001 0.52734375 0.8893229171874999 0.525390625 0.8502604171874999 0.525390625 0.8111979171874999 0.5390625 0.7994791671875 0.5478515625 0.7916666671875 0.5595703125 0.7916666671875 0.5791015625 0.7942708328125 0.5849609375 0.8020833328125001 0.5947265625
10 0.96484375 1 0.96875 0.9931640625 0.9791666671874999 0.9384765625 0.9973958328125001 0.8212890625 0.9973958328125001 0.7978515625 0.9947916671874999 0.7841796875 0.98828125 0.779296875 0.98046875 0.779296875 0.9609375 0.7919921875 0.953125 0.8271484375 0.9348958328125001 0.9677734375 0.9322916671874999 0.9990234375 0.93359375 1 0.96484375 1
2 0.8111979171874999 1 0.8177083328125001 0.9814453125 0.8229166671874999 0.9443359375 0.828125 0.8681640625 0.8216145828125001 0.86328125 0.73828125 0.841796875 0.65234375 0.8203125 0.6393229171875 0.8203125 0.6354166671875 0.8232421875 0.5963541671875 0.8818359375 0.578125 0.9326171875 0.5572916671875 0.9951171875 0.5572916671875 0.9990234375 0.55859375 1 0.8111979171874999 1
4 0.41796875 1 0.48828125 0.974609375 0.4986979171875 0.96875 0.5052083328125 0.9638671875 0.515625 0.9521484375 0.5286458328125 0.9287109375 0.53125 0.9208984375 0.53125 0.8935546875 0.5286458328125 0.8837890625 0.5208333328125 0.8701171875 0.48828125 0.845703125 0.4674479171875 0.83203125 0.45703125 0.828125 0.40234375 0.814453125 0.37890625 0.814453125 0.2643229171875 0.859375 0.2552083328125 0.8662109375 0.2526041671875 0.8720703125 0.2526041671875 0.8798828125 0.3046875 0.9423828125 0.3255208328125 0.9638671875 0.3424479171875 0.974609375 0.40234375 1 0.41796875 1