9 0 0.5184974296875 0.1474609375 0.5234375 0.1826171875 0.5234375 0.1875 0.5169270828125 0.1953125 0.46484375 0.1953125 0.45703125 0.154296875 0.3450520828125 0.1455078125 0.3307291671875 0.1416015625 0.328125 0.0966796875 0.3255208328125 0.0009765625 0.3255208328125 0 0.3268229171875 0 0.4544270828125 0 0.5184974296875
13 1 0.06901041718749999 0.9990234375 0.06770833281250001 0.8486328125 0.0703125 0.841796875 0.07682291718749999 0.828125 0.1080729171875 0.734375 0.44140625 0.73046875 0.4778645828125 0.7578125 0.8893229171874999 0.763671875 0.9231770828125001 0.771484375 0.94921875 0.7763671875 0.9557291671874999 0.8017578125 0.9583333328125001 0.9501953125 0.9661458328125001 0.9892578125 0.9661458328125001 0.9990234375 0.9635416671874999 1 0.9622395828125001 1 0.06901041718749999
3 0.6513671875 0.7265625 0.6552734375 0.7291666671875 0.7158203125 0.7265625 0.71875 0.72265625 0.71875 0.7018229171875 0.71484375 0.6393229171875 0.708984375 0.5872395828125 0.705078125 0.5638020828125 0.6982421875 0.5546875 0.6728515625 0.5546875 0.6376953125 0.5625 0.6201171875 0.5755208328125 0.6171875 0.58203125 0.615234375 0.5924479171875 0.61328125 0.6080729171875 0.61328125 0.62109375 0.6171875 0.64453125 0.6513671875 0.7265625
12 0.595703125 0.9466145828125001 0.6025390625 0.9557291671874999 0.6083984375 0.9609375 0.6142578125 0.9635416671874999 0.6298828125 0.9635416671874999 0.6396484375 0.9583333328125001 0.6484375 0.9466145828125001 0.65625 0.9283854171874999 0.658203125 0.91796875 0.658203125 0.8893229171874999 0.654296875 0.80859375 0.6513671875 0.8020833328125001 0.6318359375 0.7890625 0.6064453125 0.7890625 0.5927734375 0.796875 0.58984375 0.80078125 0.58984375 0.9283854171874999 0.591796875 0.9388020828125001 0.595703125 0.9466145828125001
16 0.45703125 0.65234375 0.4619140625 0.6588541671875 0.4677734375 0.6614583328125 0.474609375 0.65234375 0.50390625 0.6002604171875 0.5078125 0.5924479171875 0.5078125 0.5872395828125 0.5029296875 0.5807291671875 0.4853515625 0.5651041671875 0.4814453125 0.5625 0.4716796875 0.5625 0.46484375 0.5716145828125 0.44921875 0.59765625 0.4453125 0.60546875 0.4453125 0.6106770828125 0.455078125 0.6471354171875 0.45703125 0.65234375
1 0.419921875 0.78515625 0.4306640625 0.8098958328125001 0.4404296875 0.8098958328125001 0.4501953125 0.8072916671874999 0.4599609375 0.8020833328125001 0.4716796875 0.7916666671875 0.478515625 0.7825520828125 0.478515625 0.7513020828125 0.4765625 0.73828125 0.46875 0.69921875 0.451171875 0.6263020828125 0.4375 0.58203125 0.4306640625 0.5729166671875 0.4169921875 0.5755208328125 0.3935546875 0.5911458328125 0.388671875 0.59765625 0.388671875 0.6236979171875 0.390625 0.6393229171875 0.419921875 0.78515625
17 0.5361328125 0.7447916671875 0.5439453125 0.7447916671875 0.548828125 0.73828125 0.556640625 0.7096354171875 0.57421875 0.6393229171875 0.57421875 0.62890625 0.5693359375 0.625 0.5126953125 0.5989583328125 0.5068359375 0.5989583328125 0.501953125 0.6080729171875 0.4765625 0.6940104171875 0.474609375 0.7018229171875 0.474609375 0.7122395828125 0.4775390625 0.7161458328125 0.5361328125 0.7447916671875
18 0.44921875 0.91015625 0.4638671875 0.9296875 0.4775390625 0.9401041671874999 0.4853515625 0.9427083328125001 0.4912109375 0.9427083328125001 0.5029296875 0.9348958328125001 0.509765625 0.92578125 0.51953125 0.9049479171874999 0.51953125 0.8815104171874999 0.509765625 0.8580729171874999 0.4912109375 0.828125 0.4775390625 0.8255208328125001 0.4619140625 0.8255208328125001 0.4541015625 0.8333333328125001 0.4453125 0.8450520828125001 0.443359375 0.8528645828125001 0.44140625 0.86328125 0.44140625 0.88671875 0.443359375 0.8971354171874999 0.44921875 0.91015625
14 0.4931640625 0.7708333328125 0.5849609375 0.7864583328125 0.6103515625 0.7864583328125 0.61328125 0.7825520828125 0.6083984375 0.7760416671875 0.5947265625 0.7708333328125 0.5029296875 0.7526041671875 0.4951171875 0.7526041671875 0.4853515625 0.7552083328125 0.482421875 0.7591145828125 0.482421875 0.7643229171875 0.4853515625 0.7682291671875 0.4931640625 0.7708333328125
14 0.4892578125 0.8151041671874999 0.5830078125 0.7994791671875 0.58984375 0.79296875 0.58984375 0.7877604171875 0.5810546875 0.7838541671875 0.5693359375 0.7838541671875 0.4853515625 0.7916666671875 0.4775390625 0.7942708328125 0.4599609375 0.8046875 0.458984375 0.8059895828125001 0.458984375 0.8111979171874999 0.4619140625 0.8151041671874999 0.4892578125 0.8151041671874999
6 0.4951171875 0.5625 0.5668454109375001 0.559861115625 0.566784303125 0.461495546875 0.4208984375 0.4583333328125 0.3115234375 0.4583333328125 0.306640625 0.4674479171875 0.3046875 0.4856770828125 0.302734375 0.5533854171875 0.3056640625 0.5598958328125 0.3115234375 0.5625 0.4951171875 0.5625
20 0.2451171875 0.8880208328125001 0.3759765625 0.8671875 0.3876953125 0.8645833328125001 0.3916015625 0.8619791671874999 0.396484375 0.85546875 0.396484375 0.80078125 0.388671875 0.5872395828125 0.38671875 0.5794270828125 0.3837890625 0.5755208328125 0.3798828125 0.5729166671875 0.2451171875 0.59375 0.2392578125 0.5963541671875 0.2353515625 0.5989583328125 0.23046875 0.60546875 0.228515625 0.6497395828125 0.220703125 0.8658854171874999 0.220703125 0.87890625 0.2255859375 0.8880208328125001 0.2451171875 0.8880208328125001
11 0.251953125 0.8736979171874999 0.25390625 0.87890625 0.2548828125 0.8802083328125001 0.2626953125 0.8802083328125001 0.2900390625 0.8723958328125001 0.3173828125 0.8619791671874999 0.322265625 0.8528645828125001 0.322265625 0.8424479171874999 0.31640625 0.7721354171875 0.30859375 0.69140625 0.306640625 0.6809895828125 0.3037109375 0.6770833328125 0.2978515625 0.6770833328125 0.2490234375 0.6927083328125 0.2451171875 0.6953125 0.2421875 0.69921875 0.2421875 0.7356770828125 0.25 0.8580729171874999 0.251953125 0.8736979171874999
0 0.3544921875 0.7916666671875 0.3603515625 0.7916666671875 0.361328125 0.7903645828125 0.361328125 0.7799479171875 0.3359375 0.6549479171875 0.330078125 0.62890625 0.3212890625 0.6119791671875 0.3203125 0.61328125 0.3203125 0.6341145828125 0.349609375 0.7825520828125 0.3544921875 0.7916666671875
3 0.1982421875 0.6119791671875 0.2138671875 0.6119791671875 0.2275390625 0.6041666671875 0.2431640625 0.59375 0.259765625 0.57421875 0.283203125 0.5299479171875 0.29296875 0.49609375 0.29296875 0.48828125 0.2861328125 0.4791666671875 0.2666015625 0.4739583328125 0.2607421875 0.4739583328125 0.2041015625 0.5104166671875 0.19140625 0.52734375 0.181640625 0.5559895828125 0.177734375 0.5716145828125 0.177734375 0.5846354171875 0.1845703125 0.6041666671875 0.1982421875 0.6119791671875
19 0 0.5377604171875 0.0068359375 0.546875 0.0615234375 0.6041666671875 0.1005859375 0.6041666671875 0.1123046875 0.6015625 0.115234375 0.59765625 0.1171875 0.5924479171875 0.1171875 0.5716145828125 0.11328125 0.5638020828125 0.0576171875 0.4895833328125 0.0439453125 0.4739583328125 0.0361328125 0.46875 0.0009765625 0.4583333328125 0 0.4596354171875 0 0.5377604171875
1 0 0.88671875 0.0078125 0.90234375 0.0283203125 0.9192708328125001 0.0458984375 0.9296875 0.0576171875 0.9348958328125001 0.0751953125 0.9401041671874999 0.0908203125 0.9427083328125001 0.1787109375 0.9479166671874999 0.1982421875 0.9401041671874999 0.2080078125 0.9322916671874999 0.2109375 0.9231770828125001 0.22265625 0.7981770828125 0.2265625 0.72265625 0.2265625 0.6497395828125 0.224609375 0.64453125 0.2001953125 0.6145833328125 0.1865234375 0.6067708328125 0.1748046875 0.6041666671875 0.0986328125 0.6041666671875 0.0595703125 0.6067708328125 0.0478515625 0.6145833328125 0.037109375 0.62890625 0.0234375 0.6731770828125 0 0.83984375 0 0.88671875
10 0.125 0.69921875 0.171875 0.78515625 0.1767578125 0.7916666671875 0.1806640625 0.7916666671875 0.18359375 0.7877604171875 0.18359375 0.7825520828125 0.1796875 0.7721354171875 0.134765625 0.6783854171875 0.1220703125 0.65625 0.1123046875 0.65625 0.111328125 0.6575520828125 0.111328125 0.66796875 0.1171875 0.68359375 0.125 0.69921875
3 0 0.90234375 0.0009765625 0.9036458328125001 0.0810546875 0.8802083328125001 0.0888671875 0.875 0.126953125 0.82421875 0.109375 0.7408854171875 0.1015625 0.72265625 0.0947265625 0.7135416671875 0.0888671875 0.7083333328125 0.0830078125 0.7057291671875 0.0654296875 0.7057291671875 0.0556640625 0.7083333328125 0.0380859375 0.71875 0.02734375 0.7330729171875 0.0234375 0.7408854171875 0.017578125 0.7643229171875 0 0.89453125 0 0.90234375
15 0.2255859375 0.4583333328125 0.5224609375 0.4635416671875 0.6572265625 0.4609375 0.66015625 0.45703125 0.677734375 0.31640625 0.697265625 0.14453125 0.697265625 0.1341145828125 0.6953125 0.1263020828125 0.6923828125 0.1223958328125 0.1337890625 0.1302083328125 0.0869140625 0.1328125 0.08203125 0.13671875 0.080078125 0.1419270828125 0.080078125 0.15234375 0.1962890625 0.4557291671875 0.2255859375 0.4583333328125