11 0.1416015625 0.421875 0.1591796875 0.421875 0.16796875 0.41015625 0.203125 0.2591145828125 0.23828125 0.09505208281250001 0.23828125 0.07161458281250001 0.2333984375 0.0625 0.2236328125 0.05729166718749999 0.1552734375 0.0494791671875 0.1318359375 0.0494791671875 0.1279296875 0.05208333281250001 0.123046875 0.05859375 0.1171875 0.07421875 0.1015625 0.13671875 0.05078125 0.3502604171875 0.046875 0.3684895828125 0.046875 0.3919270828125 0.0537109375 0.4010416671875 0.1416015625 0.421875
18 0.2431640625 0.34375 0.2646484375 0.3619791671875 0.2783203125 0.3697916671875 0.3154296875 0.3854166671875 0.3291015625 0.3854166671875 0.3603515625 0.3802083328125 0.380859375 0.34765625 0.388671875 0.31640625 0.388671875 0.2981770828125 0.3828125 0.2721354171875 0.3671875 0.23567708281250002 0.359375 0.22265625 0.3486328125 0.2109375 0.3271484375 0.1927083328125 0.3017578125 0.1796875 0.2861328125 0.1744791671875 0.2568359375 0.1744791671875 0.2421875 0.18359375 0.220703125 0.23046875 0.2109375 0.2565104171875 0.2109375 0.2877604171875 0.2265625 0.3216145828125 0.2431640625 0.34375
4 0.4423828125 0.2604166671875 0.4541015625 0.2708333328125 0.4619140625 0.2760416671875 0.4775390625 0.28125 0.4912109375 0.28125 0.5009765625 0.2786458328125 0.5283203125 0.265625 0.5361328125 0.2604166671875 0.5498046875 0.24739583281250002 0.55859375 0.23567708281250002 0.564453125 0.22526041718749998 0.568359375 0.21484375 0.5703125 0.20442708281250002 0.57421875 0.1575520828125 0.57421875 0.1184895828125 0.572265625 0.1106770828125 0.564453125 0.09244791718749999 0.5322265625 0.0494791671875 0.5244140625 0.0416666671875 0.5107421875 0.0338541671875 0.5009765625 0.03125 0.4853515625 0.03125 0.4736328125 0.0364583328125 0.4619140625 0.0442708328125 0.447265625 0.06380208281250001 0.443359375 0.07161458281250001 0.435546875 0.09505208281250001 0.4296875 0.1263020828125 0.42578125 0.1966145828125 0.42578125 0.23307291718749998 0.43359375 0.24869791718749998 0.4423828125 0.2604166671875
16 0.4541015625 0.5963541671875 0.5048828125 0.5989583328125 0.5322265625 0.5963541671875 0.53515625 0.5924479171875 0.537109375 0.5768229171875 0.53515625 0.3971354171875 0.5322265625 0.3932291671875 0.4794921875 0.390625 0.4443359375 0.390625 0.439453125 0.3971354171875 0.4375 0.4622395828125 0.4375 0.5924479171875 0.4384765625 0.59375 0.4541015625 0.5963541671875
1 0.1533203125 0.6848958328125 0.4072265625 0.8151041671874999 0.4287109375 0.8229166671874999 0.4541015625 0.8255208328125001 0.4580078125 0.8229166671874999 0.46875 0.80859375 0.482421875 0.7721354171875 0.4921875 0.7356770828125 0.49609375 0.7122395828125 0.498046875 0.69140625 0.49609375 0.67578125 0.4912109375 0.6692708328125 0.4794921875 0.6588541671875 0.4580078125 0.6432291671875 0.4404296875 0.6328125 0.2841796875 0.5520833328125 0.1923828125 0.5130208328125 0.1513671875 0.5 0.1396484375 0.5 0.130859375 0.51171875 0.119140625 0.54296875 0.111328125 0.5716145828125 0.1015625 0.6106770828125 0.1015625 0.6471354171875 0.1083984375 0.65625 0.1533203125 0.6848958328125
17 0.81640625 0.3841145828125 0.8212890625 0.390625 0.8330078125 0.390625 0.9736328125 0.3567708328125 0.98046875 0.3502604171875 0.982421875 0.3450520828125 0.982421875 0.30078125 0.98046875 0.2877604171875 0.96875 0.22526041718749998 0.951171875 0.14453125 0.947265625 0.12890625 0.94140625 0.11328125 0.9365234375 0.1067708328125 0.9208984375 0.1067708328125 0.9091796875 0.109375 0.7939453125 0.1380208328125 0.7783203125 0.1458333328125 0.77734375 0.1471354171875 0.77734375 0.1705729171875 0.814453125 0.37890625 0.81640625 0.3841145828125
2 0.5771484375 0.8255208328125001 0.6943359375 0.8541666671874999 0.7060546875 0.8567708328125001 0.7158203125 0.8567708328125001 0.71875 0.8450520828125001 0.751953125 0.47265625 0.7490234375 0.4661458328125 0.7431640625 0.4635416671875 0.6201171875 0.4348958328125 0.6083984375 0.4348958328125 0.60546875 0.4388020828125 0.603515625 0.4466145828125 0.5625 0.80859375 0.5625 0.81640625 0.5673828125 0.8229166671874999 0.5771484375 0.8255208328125001
0 0.3583984375 0.8489583328125001 0.6298828125 0.9140625 0.6494140625 0.9140625 0.6650390625 0.9114583328125001 0.66796875 0.9075520828125001 0.6650390625 0.9036458328125001 0.6513671875 0.8932291671874999 0.6396484375 0.8854166671874999 0.6318359375 0.8828125 0.3681640625 0.8177083328125001 0.3603515625 0.8177083328125001 0.3525390625 0.8203125 0.349609375 0.82421875 0.34765625 0.83203125 0.34765625 0.83984375 0.3525390625 0.8463541671874999 0.3583984375 0.8489583328125001
14 0.701171875 0.3971354171875 0.7060546875 0.4010416671875 0.7109375 0.39453125 0.71484375 0.37109375 0.71484375 0.36328125 0.6953125 0.1341145828125 0.69140625 0.1028645828125 0.685546875 0.07161458281250001 0.6826171875 0.06770833281250001 0.6787109375 0.06770833281250001 0.673828125 0.07421875 0.669921875 0.1080729171875 0.669921875 0.1393229171875 0.693359375 0.3684895828125 0.701171875 0.3971354171875
14 0.720703125 0.41796875 0.7236328125 0.421875 0.7275390625 0.421875 0.73046875 0.41796875 0.73046875 0.3502604171875 0.71484375 0.1184895828125 0.70703125 0.08463541718749999 0.7041015625 0.08072916718749999 0.7021484375 0.08072916718749999 0.69921875 0.08463541718749999 0.697265625 0.10546875 0.697265625 0.1575520828125 0.71484375 0.3841145828125 0.720703125 0.41796875
14 0.677734375 0.3971354171875 0.681640625 0.41015625 0.6845703125 0.4140625 0.6923828125 0.4140625 0.6953125 0.41015625 0.6953125 0.3763020828125 0.669921875 0.1106770828125 0.6640625 0.09244791718749999 0.6552734375 0.08072916718749999 0.6513671875 0.078125 0.6474609375 0.078125 0.6435546875 0.08072916718749999 0.640625 0.08463541718749999 0.640625 0.1106770828125 0.642578125 0.1315104171875 0.677734375 0.3971354171875