21 0.45089285781250005 1 0.45362103125 0.9976851859375 0.5580357140625 0.86276455 0.5850694437499999 0.8260582015625 0.594494046875 0.809854496875 0.59325396875 0.7982804234375 0.43675595312500004 0.56845238125 0.430803571875 0.5641534390625 0.41790674531249994 0.5638227515625001 0.4114583328125 0.56812169375 0.284226190625 0.6947751328125 0.275545634375 0.70568783125 0.2735615078125 0.7119709000000001 0.2733134921875 0.7228835984375 0.2760416671875 0.73148148125 0.2904265875 0.759259259375 0.4293154765625 0.9894179890625001 0.4387400796875 1 0.45089285781250005 1
15 0.547619046875 0 0.5324900796875001 0.1947751328125 0.5386904765625 0.3416005296875 0.54365079375 0.3478835984375 0.9635416671874999 0.3260582015625 1 0.3197751328125 1 0 0.547619046875 0
15 0 0 0 0.3005952375 0.0119047625 0.30357142812500004 0.08358134843750001 0.3128306875 0.202876984375 0.3197751328125 0.281994046875 0.3204365078125 0.31597222187499996 0.3171296296875 0.3196924609375 0.315145503125 0.3241567453125 0.3045634921875 0.3425099203125 0.10813492031250001 0.343501984375 0.065476190625 0.341269840625 0.0257936515625 0.3355654765625 0 0 0
13 0.3390376984375 0 0.3239087296875 0.2619047625 0.3244047625 0.2738095234375 0.36459434062499996 0.5503310796875 0.5159353859375 0.5503310796875 0.531986709375 0.3363134375 0.53447420625 0.30588624375 0.5391865078125 0.2794312171875 0.543898809375 0.053902115625000004 0.543402778125 0 0.3390376984375 0
6 0.5726686515625 0.4742063484375 0.9102182546875 0.5013227515625001 0.9511408734375 0.5013227515625001 0.9618055562500001 0.49933862500000004 0.9935515875 0.48511904687499996 0.99950396875 0.48181216875 1 0.48015872968749995 0.9833829359375 0.3644179890625 0.974454365625 0.340939153125 0.969494046875 0.3366402109375 0.963045634375 0.333664021875 0.8630952375 0.32771164062499997 0.7522321421875 0.328703703125 0.5820932546875001 0.34325396874999997 0.5701884921875 0.34722222187499996 0.565476190625 0.353835978125 0.5639880953125 0.4169973546875 0.564980159375 0.45568783125 0.5677083328125 0.46924603125 0.5726686515625 0.4742063484375
6 0.283730159375 0.5013227515625001 0.2891865078125 0.497023809375 0.291170634375 0.49371693125 0.30133928593750003 0.41633597812499995 0.3023313484375 0.390873015625 0.299603175 0.365079365625 0.2953869046875 0.35482804218749997 0.29092261875 0.3501984125 0.278769840625 0.3452380953125 0 0.32866995 0.00049603125 0.4890873015625 0.0478670640625 0.4950396828125 0.2765376984375 0.503306878125 0.283730159375 0.5013227515625001
1 0 0.750661375 0.0481150796875 0.8511904765624999 0.053075396875 0.859457671875 0.0689484125 0.8740079359375 0.08779761875 0.8869047625 0.25322420625 0.93187830625 0.27777777812500004 0.9285714281249999 0.2904265875 0.9229497359375 0.29017857187499996 0.9126984125 0.23710317500000003 0.7453703703125 0.21006944375 0.66865079375 0.194196428125 0.637896825 0.1679067453125 0.5919312171875 0.153521825 0.56845238125 0.1426091265625 0.5548941796875 0.12475198437499999 0.5383597890625 0.1135912703125 0.534722221875 0.0982142859375 0.5363756609375 0.0845734125 0.541005290625 0.061755953125 0.5535714281249999 0.044146825 0.5648148140625 0.007192460937500001 0.59325396875 0 0.6005290999999999 0 0.750661375
17 0.2871620890625 0.5089190125 0.17616427343750002 0.5757564078125 0.22486008906250002 0.68842515625 0.3315612140625 0.6072654640625 0.2871620890625 0.5089190125
12 0.3010912703125 0.5291005296875 0.3048115078125 0.5333994703125 0.314980159375 0.5380290999999999 0.32911706406249996 0.5376984125 0.34697420625 0.5264550265625 0.353174603125 0.51917989375 0.356398809375 0.50628306875 0.3576388890625 0.4950396828125 0.3573908734375 0.4794973546875 0.3544146828125 0.4543650796875 0.3452380953125 0.4080687828125 0.3315612140625 0.39529544375 0.31365834062500003 0.4019791828125 0.2953869046875 0.43088624375 0.29017857187499996 0.4669312171875 0.28993055624999997 0.4831349203125 0.291170634375 0.49570105781249996 0.297619046875 0.521825396875 0.3010912703125 0.5291005296875
7 0.5426587296875 0.624338625 0.568700396875 0.637896825 0.571924603125 0.637896825 0.5744047625 0.6352513234375 0.575396825 0.6316137562499999 0.5694444437499999 0.5916005296875 0.5664682546875001 0.5826719578125 0.54637896875 0.54365079375 0.54365079375 0.5423280421875 0.52802579375 0.5615079359374999 0.5245535718750001 0.56812169375 0.5233134921875 0.5767195765625 0.5248015875 0.5955687828125 0.528521825 0.608796296875 0.5322420640625001 0.6140873015625 0.5426587296875 0.624338625
4 0.5265989203125 0.7984286015625 0.5527582625 0.708197828125 0.47086815 0.6407143093750001 0.4418654015625 0.6604285953125 0.41741210312500004 0.75293409375 0.45437639062499996 0.79387915 0.5265989203125 0.7984286015625
16 0.6329365078125 0.9983465609375 0.643353175 0.9950396828124999 0.690228175 0.8862433859375001 0.6798115078125 0.872354496875 0.6352170562499999 0.836340690625 0.6297123015625 0.8525132281250001 0.6054067453124999 0.8984788359375001 0.5927579359374999 0.9262566140624999 0.5895337296875 0.936838625 0.5882936515625 0.9457671953125001 0.588045634375 0.94973545 0.59375 0.9609788359375001 0.622519840625 0.990740740625 0.6329365078125 0.9983465609375
1 1 0.5324074078125001 0.862351190625 0.41038359843750005 0.8459821421875 0.415013228125 0.7738095234375 0.4543650796875 0.7566964281249999 0.46494709062500006 0.721230159375 0.4917328046875 0.6056547625 0.60582010625 0.5927579359374999 0.6226851859375 0.58779761875 0.63128306875 0.580605159375 0.6451719578125 0.5796130953125 0.6541005296875 0.5793650796875001 0.659060846875 0.5823412703125 0.6729497359375001 0.5917658734375 0.6957671953125 0.6185515875 0.749338625 0.7296626984375 0.9599867718749999 0.7445436515625 0.9857804234374999 0.7549603171875 1 0.8668154765624999 1 0.9295634921874999 0.9179894187500001 0.9521329359375 0.884920634375 0.978670634375 0.8396164015625001 1 0.7883597890625 1 0.5324074078125001