14 0.666015625 0.45703125 0.6689453125 0.4609375 0.6767578125 0.4609375 0.6796875 0.45703125 0.681640625 0.44921875 0.681640625 0.4361979171875 0.669921875 0.1497395828125 0.6640625 0.1315104171875 0.6611328125 0.1276041671875 0.6533203125 0.1223958328125 0.6474609375 0.1223958328125 0.642578125 0.12890625 0.642578125 0.1861979171875 0.662109375 0.4361979171875 0.666015625 0.45703125
14 0.681640625 0.4231770828125 0.6875 0.4466145828125 0.6923828125 0.4505208328125 0.697265625 0.4466145828125 0.701171875 0.42578125 0.701171875 0.3841145828125 0.693359375 0.1549479171875 0.689453125 0.12109375 0.6875 0.1158854171875 0.6845703125 0.1119791671875 0.67578125 0.1158854171875 0.669921875 0.15234375 0.669921875 0.1966145828125 0.6796875 0.3997395828125 0.681640625 0.4231770828125
11 0.0556640625 0.3984375 0.1416015625 0.4296875 0.1533203125 0.4296875 0.1572265625 0.4270833328125 0.162109375 0.4205729171875 0.21484375 0.22526041718749998 0.244140625 0.1106770828125 0.24609375 0.1002604171875 0.24609375 0.09244791718749999 0.244140625 0.07942708281250001 0.2412109375 0.07552083281250001 0.2314453125 0.0703125 0.1884765625 0.05989583281250001 0.1591796875 0.0546875 0.1396484375 0.0546875 0.1328125 0.06380208281250001 0.115234375 0.1184895828125 0.048828125 0.36328125 0.046875 0.3736979171875 0.046875 0.3841145828125 0.048828125 0.3919270828125 0.0556640625 0.3984375
1 0.1357421875 0.6848958328125 0.3779296875 0.8333333328125001 0.3896484375 0.8385416671874999 0.4091796875 0.84375 0.4248046875 0.84375 0.435546875 0.83203125 0.443359375 0.81640625 0.4609375 0.76953125 0.46875 0.73046875 0.46875 0.70703125 0.4658203125 0.7005208328125 0.4404296875 0.6744791671875 0.4169921875 0.65625 0.2802734375 0.5729166671875 0.2294921875 0.5442708328125 0.1767578125 0.5182291671875 0.1474609375 0.5078125 0.1318359375 0.5052083328125 0.12109375 0.51953125 0.107421875 0.5559895828125 0.09375 0.6002604171875 0.08984375 0.6184895828125 0.08984375 0.6471354171875 0.0947265625 0.65625 0.1357421875 0.6848958328125
16 0.4306640625 0.59375 0.4384765625 0.59375 0.44140625 0.58984375 0.4453125 0.57421875 0.466796875 0.4856770828125 0.466796875 0.4778645828125 0.46484375 0.47265625 0.4599609375 0.46875 0.3369140625 0.4192708328125 0.3251953125 0.4166666671875 0.3203125 0.4231770828125 0.314453125 0.44140625 0.298828125 0.5065104171875 0.294921875 0.5247395828125 0.294921875 0.53515625 0.2978515625 0.5390625 0.4306640625 0.59375
2 0.6455078125 0.8932291671874999 0.6630859375 0.8984375 0.6708984375 0.8984375 0.67578125 0.8919270828125001 0.73046875 0.5377604171875 0.73046875 0.5221354171875 0.7197265625 0.515625 0.6494140625 0.4921875 0.6064453125 0.4791666671875 0.5927734375 0.4765625 0.587890625 0.4856770828125 0.580078125 0.5299479171875 0.52734375 0.8372395828125001 0.52734375 0.8502604171874999 0.5322265625 0.8541666671874999 0.6455078125 0.8932291671874999
7 0.3544921875 0.3854166671875 0.4052734375 0.3958333328125 0.4169921875 0.3958333328125 0.4365234375 0.3932291671875 0.44921875 0.3736979171875 0.44921875 0.3580729171875 0.447265625 0.3450520828125 0.4384765625 0.3229166671875 0.4189453125 0.3255208328125 0.33984375 0.3502604171875 0.333984375 0.36328125 0.333984375 0.3736979171875 0.3369140625 0.3776041671875 0.3544921875 0.3854166671875
17 0.7587890625 0.8359375 0.9072265625 0.8541666671874999 0.9208984375 0.8541666671874999 0.9248046875 0.8515625 0.9296875 0.8424479171874999 0.93359375 0.8216145828125001 0.935546875 0.80078125 0.9375 0.75390625 0.939453125 0.67578125 0.939453125 0.62109375 0.9375 0.5924479171875 0.935546875 0.5872395828125 0.9326171875 0.5833333328125 0.9091796875 0.5703125 0.7705078125 0.5546875 0.7646484375 0.5572916671875 0.76171875 0.5638020828125 0.759765625 0.58984375 0.751953125 0.80859375 0.751953125 0.81640625 0.755859375 0.83203125 0.7587890625 0.8359375
0 0.3310546875 0.859375 0.5869140625 0.9453125 0.6240234375 0.9453125 0.625 0.9440104171874999 0.6240234375 0.9401041671874999 0.6044921875 0.921875 0.5869140625 0.9140625 0.3466796875 0.8307291671874999 0.3369140625 0.828125 0.3291015625 0.828125 0.3251953125 0.8307291671874999 0.3203125 0.8372395828125001 0.318359375 0.8424479171874999 0.318359375 0.84765625 0.3203125 0.8528645828125001 0.3310546875 0.859375
4 0.4482421875 0.2994791671875 0.4580078125 0.3072916671875 0.4697265625 0.3125 0.4912109375 0.3125 0.5146484375 0.3046875 0.5263671875 0.2994791671875 0.5380859375 0.2916666671875 0.5458984375 0.2838541671875 0.5625 0.26171875 0.56640625 0.2513020828125 0.568359375 0.24088541718749998 0.578125 0.1731770828125 0.576171875 0.1497395828125 0.5703125 0.1315104171875 0.5625 0.1158854171875 0.548828125 0.09505208281250001 0.5302734375 0.07291666718749999 0.5185546875 0.06510416718749999 0.5107421875 0.0625 0.4892578125 0.0625 0.4716796875 0.0703125 0.4658203125 0.07552083281250001 0.453125 0.09244791718749999 0.44921875 0.1002604171875 0.4375 0.1341145828125 0.43359375 0.15234375 0.423828125 0.24348958281250002 0.423828125 0.26171875 0.43359375 0.2825520828125 0.4482421875 0.2994791671875
18 0.751953125 0.36328125 0.7607421875 0.375 0.7724609375 0.3854166671875 0.7880859375 0.3958333328125 0.8115234375 0.4036458328125 0.8291015625 0.4036458328125 0.8486328125 0.3984375 0.8974609375 0.3697916671875 0.916015625 0.3502604171875 0.927734375 0.33203125 0.931640625 0.3190104171875 0.931640625 0.3059895828125 0.927734375 0.2825520828125 0.921875 0.25390625 0.916015625 0.23567708281250002 0.9052734375 0.22135416718749998 0.8955078125 0.21614583281250002 0.8798828125 0.2109375 0.8525390625 0.2109375 0.8388671875 0.21354166718749998 0.7822265625 0.234375 0.775390625 0.24088541718749998 0.744140625 0.2903645828125 0.7421875 0.30078125 0.744140625 0.3372395828125 0.74609375 0.34765625 0.751953125 0.36328125