1 0.4830729171875 0 0.4778645828125 0.001953125 0.4661458328125 0.0107421875 0.4557291671875 0.0263671875 0.4453125 0.0439453125 0.4296875 0.0810546875 0.4140625 0.1416015625 0.4140625 0.1591796875 0.4296875 0.1943359375 0.4713541671875 0.2666015625 0.4791666671875 0.2783203125 0.48828125 0.28515625 0.49609375 0.287109375 0.59765625 0.296875 0.6341145828125 0.298828125 0.6940104171875 0.30078125 0.8450520828125001 0.302734375 0.8736979171874999 0.298828125 0.91796875 0.287109375 0.9388020828125001 0.279296875 0.953125 0.2705078125 0.9635416671874999 0.2568359375 0.984375 0.1943359375 0.9973958328125001 0.1494140625 0.9973958328125001 0.0009765625 0.99609375 0 0.4830729171875 0
16 0.62109375 0.380859375 0.7330729171875 0.392578125 0.7513020828125 0.392578125 0.7526041671875 0.3916015625 0.7552083328125 0.3876953125 0.765625 0.3564453125 0.765625 0.3525390625 0.7591145828125 0.34765625 0.6419270828125 0.3359375 0.6341145828125 0.3359375 0.6276041671875 0.3408203125 0.6145833328125 0.3701171875 0.6145833328125 0.3779296875 0.6158854171875 0.37890625 0.62109375 0.380859375
20 0.1614583328125 0.4775390625 0.25972403593750004 0.6284470140625 0.2665364703125 0.6310016765625 0.282716 0.6322790078125 0.4283854171875 0.587890625 0.6575520828125 0.515625 0.6783854171875 0.5078125 0.6848958328125 0.4990234375 0.6848958328125 0.4892578125 0.6770833328125 0.4794921875 0.5494791671875 0.3525390625 0.5377604171875 0.34375 0.5325520828125 0.341796875 0.5247395828125 0.341796875 0.5091145828125 0.345703125 0.1809895828125 0.435546875 0.16015625 0.44140625 0.1536458328125 0.4462890625 0.1510416671875 0.4501953125 0.1510416671875 0.4560546875 0.1536458328125 0.4638671875 0.1614583328125 0.4775390625
1 0.014322917187500001 0.953125 0.0325520828125 0.958984375 0.05859375 0.96484375 0.1783854171875 0.9765625 0.21484375 0.9765625 0.22786458281250002 0.97265625 0.33203125 0.919921875 0.3450520828125 0.912109375 0.3697916671875 0.8955078125 0.3776041671875 0.8876953125 0.4010416671875 0.8583984375 0.40625 0.8466796875 0.40625 0.8291015625 0.38692495312499997 0.771515015625 0.4010416671875 0.5908203125 0.3984375 0.5693359375 0.3776041671875 0.5302734375 0.3567708328125 0.5009765625 0.33984375 0.48828125 0.32421875 0.482421875 0.2981770828125 0.478515625 0.1263020828125 0.482421875 0.0403645828125 0.486328125 0.0247395828125 0.48828125 0.009114582812499999 0.4921875 0.0026041671875 0.4970703125 0.0026041671875 0.9462890625 0.009114582812499999 0.951171875 0.014322917187500001 0.953125
9 0.99609375 1 0.9973958328125001 0.9990234375 0.9973958328125001 0.8369140625 0.9869791671874999 0.8232421875 0.8776041671874999 0.7021484375 0.7291666671875 0.5419921875 0.7174479171875 0.533203125 0.7096354171875 0.529296875 0.7018229171875 0.52734375 0.6940104171875 0.529296875 0.30820573906250004 0.64443018125 0.4869791671875 0.9775390625 0.5013020828125 1 0.99609375 1
10 0.5533854171875 0.65234375 0.5690104171875 0.6484375 0.5950520828125 0.640625 0.7643229171875 0.58203125 0.7786458328125 0.5712890625 0.7786458328125 0.5673828125 0.7721354171875 0.5625 0.7669270828125 0.5625 0.7434895828125 0.568359375 0.5846354171875 0.619140625 0.5481770828125 0.6328125 0.53125 0.6416015625 0.5286458328125 0.6455078125 0.5286458328125 0.6494140625 0.53515625 0.654296875 0.5533854171875 0.65234375
14 0.46875 0.8447265625 0.4752604171875 0.8515625 0.4856770828125 0.8515625 0.49609375 0.849609375 0.5026041671875 0.8447265625 0.4973958328125 0.8076171875 0.4557291671875 0.6142578125 0.4518229171875 0.611328125 0.4440104171875 0.611328125 0.4401041671875 0.6142578125 0.4401041671875 0.6337890625 0.4635416671875 0.8154296875 0.46875 0.8447265625
14 0.55078125 0.71875 0.5690104171875 0.71484375 0.75390625 0.640625 0.7669270828125 0.634765625 0.7838541671875 0.6220703125 0.7994791671875 0.6064453125 0.8020833328125001 0.6025390625 0.8020833328125001 0.5986328125 0.7981770828125 0.595703125 0.7955729171875 0.595703125 0.7799479171875 0.599609375 0.75390625 0.609375 0.57421875 0.689453125 0.5442708328125 0.7080078125 0.5416666671875 0.7119140625 0.5416666671875 0.7158203125 0.5455729171875 0.71875 0.55078125 0.71875
14 0.76171875 0.84765625 0.8059895828125001 0.83984375 0.9908854171874999 0.802734375 0.9973958328125001 0.7998046875 0.9973958328125001 0.7880859375 0.9934895828125001 0.787109375 0.9231770828125001 0.796875 0.74609375 0.82421875 0.7018229171875 0.83203125 0.6627604171875 0.84375 0.6588541671875 0.8466796875 0.6653645828125 0.853515625 0.7486979171875 0.849609375 0.76171875 0.84765625
10 0.6080729171875 0.8125 0.6184895828125 0.8125 0.6393229171875 0.802734375 0.7877604171875 0.71875 0.81640625 0.701171875 0.8489583328125001 0.6767578125 0.8489583328125001 0.6708984375 0.8424479171874999 0.666015625 0.8346354171874999 0.666015625 0.8216145828125001 0.66796875 0.80859375 0.673828125 0.7799479171875 0.689453125 0.6705729171875 0.75390625 0.6184895828125 0.78515625 0.6041666671875 0.7958984375 0.5989583328125 0.8017578125 0.5989583328125 0.8037109375 0.6015625 0.8076171875 0.6080729171875 0.8125
10 0.8502604171874999 1 0.8515625 0.9990234375 0.84765625 0.99609375 0.80859375 0.986328125 0.5638020828125 0.927734375 0.54296875 0.927734375 0.5390625 0.9306640625 0.5364583328125 0.9345703125 0.5364583328125 0.9384765625 0.5390625 0.9423828125 0.5481770828125 0.94921875 0.5533854171875 0.951171875 0.73046875 1 0.8502604171874999 1