18 0.275390625 0.31640625 0.2841796875 0.328125 0.2998046875 0.3411458328125 0.3037109375 0.34375 0.3212890625 0.34375 0.3408203125 0.3385416671875 0.3642578125 0.3255208328125 0.37890625 0.3059895828125 0.38671875 0.2799479171875 0.38671875 0.2643229171875 0.380859375 0.22786458281250002 0.375 0.19921875 0.35546875 0.1471354171875 0.3486328125 0.1380208328125 0.3193359375 0.1171875 0.3134765625 0.1171875 0.2783203125 0.1302083328125 0.2705078125 0.1354166671875 0.25390625 0.16015625 0.248046875 0.17578125 0.2421875 0.19921875 0.240234375 0.21744791718749998 0.2421875 0.23567708281250002 0.25 0.26171875 0.275390625 0.31640625
0 0.1455078125 0.4322916671875 0.1484375 0.4309895828125 0.16015625 0.41015625 0.1640625 0.3919270828125 0.208984375 0.07942708281250001 0.20703125 0.06901041718749999 0.2041015625 0.06510416718749999 0.1943359375 0.06510416718749999 0.189453125 0.07421875 0.1640625 0.24088541718749998 0.142578125 0.3893229171875 0.142578125 0.4075520828125 0.14453125 0.4309895828125 0.1455078125 0.4322916671875
17 0.0439453125 0.8463541671874999 0.1513671875 0.9088541671874999 0.1572265625 0.9114583328125001 0.1630859375 0.9114583328125001 0.1669921875 0.9088541671874999 0.171875 0.90234375 0.2578125 0.66796875 0.259765625 0.66015625 0.259765625 0.6471354171875 0.2529296875 0.640625 0.1201171875 0.5651041671875 0.1123046875 0.5625 0.1083984375 0.5651041671875 0.095703125 0.58203125 0.08203125 0.6106770828125 0.044921875 0.7018229171875 0.0078125 0.8033854171874999 0.005859375 0.8111979171874999 0.005859375 0.8190104171874999 0.0107421875 0.8255208328125001 0.0439453125 0.8463541671874999
16 0.4111328125 0.671875 0.4150390625 0.671875 0.421875 0.6627604171875 0.47265625 0.5846354171875 0.474609375 0.5794270828125 0.474609375 0.5716145828125 0.4677734375 0.5625 0.3662109375 0.4479166671875 0.3603515625 0.4479166671875 0.306640625 0.5247395828125 0.30078125 0.53515625 0.30078125 0.5455729171875 0.3369140625 0.5885416671875 0.4111328125 0.671875
11 0.44921875 0.44140625 0.4560546875 0.4505208328125 0.4619140625 0.453125 0.4755859375 0.453125 0.6181640625 0.4322916671875 0.7080078125 0.4166666671875 0.7197265625 0.4114583328125 0.7265625 0.40234375 0.7265625 0.3815104171875 0.71484375 0.2825520828125 0.708984375 0.25390625 0.7021484375 0.24479166718749998 0.6650390625 0.24479166718749998 0.6435546875 0.24739583281250002 0.4697265625 0.2734375 0.4462890625 0.2786458328125 0.4423828125 0.28125 0.4375 0.2877604171875 0.435546875 0.2955729171875 0.435546875 0.3059895828125 0.4453125 0.41796875 0.44921875 0.44140625
2 0.8125 0.39453125 0.8251953125 0.4114583328125 0.8330078125 0.4114583328125 0.9150390625 0.3489583328125 0.9326171875 0.3333333328125 0.939453125 0.32421875 0.939453125 0.3190104171875 0.9375 0.3138020828125 0.91796875 0.2747395828125 0.7939453125 0.0390625 0.7900390625 0.0364583328125 0.7841796875 0.0364583328125 0.7607421875 0.05208333281250001 0.6845703125 0.109375 0.677734375 0.1184895828125 0.677734375 0.1263020828125 0.6796875 0.1315104171875 0.8125 0.39453125
4 0.69921875 0.61328125 0.705078125 0.6236979171875 0.7275390625 0.6510416671875 0.7841796875 0.6979166671875 0.8017578125 0.7057291671875 0.8115234375 0.7057291671875 0.8564453125 0.6770833328125 0.8681640625 0.6666666671875 0.873046875 0.66015625 0.87890625 0.6419270828125 0.87890625 0.6184895828125 0.82421875 0.4205729171875 0.8203125 0.41015625 0.8173828125 0.40625 0.8134765625 0.4036458328125 0.8076171875 0.4036458328125 0.7060546875 0.4635416671875 0.7001953125 0.46875 0.689453125 0.4830729171875 0.68359375 0.49609375 0.681640625 0.50390625 0.6796875 0.5143229171875 0.6796875 0.5533854171875 0.6875 0.5872395828125 0.69921875 0.61328125
14 0.5009765625 0.875 0.5068359375 0.8697916671874999 0.51953125 0.8502604171874999 0.6015625 0.64453125 0.623046875 0.5872395828125 0.630859375 0.55859375 0.630859375 0.5559895828125 0.6259765625 0.5494791671875 0.6201171875 0.5494791671875 0.587890625 0.58984375 0.580078125 0.60546875 0.49609375 0.84765625 0.494140625 0.8606770828125001 0.494140625 0.87109375 0.4970703125 0.875 0.5009765625 0.875
14 0.4912109375 0.8098958328125001 0.5078125 0.78515625 0.529296875 0.7356770828125 0.615234375 0.52734375 0.619140625 0.5065104171875 0.619140625 0.49609375 0.6162109375 0.4921875 0.6142578125 0.4921875 0.6064453125 0.5 0.595703125 0.5169270828125 0.5 0.71484375 0.4921875 0.7330729171875 0.48828125 0.7513020828125 0.48046875 0.80078125 0.4833984375 0.8072916671874999 0.4873046875 0.8098958328125001 0.4912109375 0.8098958328125001
2 1 0.7122395828125 0.990234375 0.69140625 0.974609375 0.6627604171875 0.9580078125 0.640625 0.9501953125 0.6354166671875 0.9423828125 0.6328125 0.9326171875 0.6328125 0.9228515625 0.6354166671875 0.8251953125 0.6979166671875 0.7236328125 0.7760416671875 0.7021484375 0.7942708328125 0.69921875 0.7981770828125 0.697265625 0.8033854171874999 0.697265625 0.8190104171874999 0.69921875 0.8268229171874999 0.736328125 0.9231770828125001 0.7578125 0.9700520828125001 0.7646484375 0.9791666671874999 0.7802734375 0.9791666671874999 0.7861328125 0.9765625 0.9248046875 0.8802083328125001 0.9990234375 0.8177083328125001 1 0.81640625 1 0.7122395828125
14 0.5732421875 0.9036458328125001 0.576171875 0.8997395828125001 0.58984375 0.8736979171874999 0.599609375 0.84765625 0.6640625 0.6575520828125 0.6796875 0.60546875 0.685546875 0.57421875 0.685546875 0.5638020828125 0.6826171875 0.5598958328125 0.677734375 0.5638020828125 0.662109375 0.5950520828125 0.64453125 0.6419270828125 0.578125 0.84765625 0.572265625 0.8736979171874999 0.568359375 0.89453125 0.568359375 0.8997395828125001 0.5712890625 0.9036458328125001 0.5732421875 0.9036458328125001