11 0.0556640625 0.3697916671875 0.1376953125 0.3958333328125 0.1513671875 0.3958333328125 0.16015625 0.3841145828125 0.212890625 0.18359375 0.240234375 0.07421875 0.240234375 0.05338541718749999 0.2333984375 0.0442708328125 0.2294921875 0.0416666671875 0.1533203125 0.0286458328125 0.1416015625 0.0286458328125 0.134765625 0.03515625 0.123046875 0.05598958281250001 0.11328125 0.08723958281250001 0.08203125 0.19921875 0.048828125 0.32421875 0.044921875 0.3424479171875 0.044921875 0.3580729171875 0.0478515625 0.3645833328125 0.0556640625 0.3697916671875
1 0.0966796875 0.6197916671875 0.1142578125 0.6328125 0.1845703125 0.6770833328125 0.3798828125 0.7916666671875 0.3935546875 0.796875 0.4169921875 0.8020833328125001 0.4248046875 0.8020833328125001 0.4287109375 0.7994791671875 0.4375 0.7877604171875 0.44921875 0.76171875 0.4609375 0.7252604171875 0.466796875 0.7018229171875 0.46875 0.6861979171875 0.46875 0.6627604171875 0.4541015625 0.6458333328125 0.4228515625 0.6197916671875 0.2587890625 0.5234375 0.1904296875 0.4895833328125 0.1376953125 0.46875 0.1318359375 0.46875 0.1279296875 0.4713541671875 0.119140625 0.4856770828125 0.095703125 0.55078125 0.08984375 0.5768229171875 0.087890625 0.58984375 0.087890625 0.6028645828125 0.08984375 0.6106770828125 0.0966796875 0.6197916671875
0 0.3369140625 0.8203125 0.5888671875 0.8984375 0.6240234375 0.8984375 0.626953125 0.89453125 0.6240234375 0.890625 0.6005859375 0.8723958328125001 0.5478515625 0.8541666671874999 0.3427734375 0.7890625 0.3271484375 0.7890625 0.322265625 0.7955729171875 0.3203125 0.80078125 0.3203125 0.80859375 0.3251953125 0.8151041671874999 0.3369140625 0.8203125
16 0.4228515625 0.5520833328125 0.4365234375 0.5520833328125 0.439453125 0.5481770828125 0.443359375 0.5325520828125 0.458984375 0.46484375 0.462890625 0.44140625 0.4599609375 0.4322916671875 0.4482421875 0.4270833328125 0.3369140625 0.3854166671875 0.3291015625 0.3828125 0.3212890625 0.3828125 0.31640625 0.3919270828125 0.296875 0.4700520828125 0.29296875 0.48828125 0.29296875 0.4986979171875 0.2958984375 0.5026041671875 0.4228515625 0.5520833328125
7 0.3525390625 0.3515625 0.3994140625 0.3567708328125 0.4248046875 0.3567708328125 0.4326171875 0.3541666671875 0.443359375 0.33984375 0.443359375 0.3216145828125 0.4375 0.2981770828125 0.4326171875 0.2890625 0.4208984375 0.2890625 0.4111328125 0.2916666671875 0.3359375 0.31640625 0.330078125 0.3268229171875 0.330078125 0.33984375 0.3330078125 0.34375 0.3525390625 0.3515625
4 0.4462890625 0.265625 0.4580078125 0.2734375 0.4658203125 0.2760416671875 0.4853515625 0.2760416671875 0.5185546875 0.2630208328125 0.5380859375 0.24739583281250002 0.5546875 0.22526041718749998 0.55859375 0.21484375 0.568359375 0.1471354171875 0.568359375 0.12109375 0.56640625 0.1106770828125 0.560546875 0.09505208281250001 0.544921875 0.06901041718749999 0.5283203125 0.046875 0.5146484375 0.0364583328125 0.4990234375 0.03125 0.4892578125 0.03125 0.4736328125 0.0338541671875 0.4560546875 0.0442708328125 0.447265625 0.05598958281250001 0.435546875 0.08203125 0.4296875 0.1080729171875 0.42578125 0.1341145828125 0.416015625 0.22265625 0.4296875 0.24869791718749998 0.4345703125 0.2552083328125 0.4462890625 0.265625
14 0.615234375 0.3919270828125 0.6181640625 0.3984375 0.6240234375 0.3984375 0.625 0.3971354171875 0.626953125 0.3736979171875 0.626953125 0.3138020828125 0.62109375 0.1315104171875 0.619140625 0.1080729171875 0.61328125 0.07421875 0.6083984375 0.06510416718749999 0.60546875 0.06901041718749999 0.59765625 0.10546875 0.595703125 0.1158854171875 0.595703125 0.1575520828125 0.609375 0.3450520828125 0.615234375 0.3919270828125
14 0.64453125 0.3841145828125 0.6494140625 0.390625 0.6552734375 0.390625 0.66015625 0.3841145828125 0.6640625 0.1158854171875 0.66015625 0.08203125 0.658203125 0.07421875 0.6494140625 0.05989583281250001 0.6455078125 0.05729166718749999 0.6396484375 0.05729166718749999 0.634765625 0.06380208281250001 0.634765625 0.1497395828125 0.642578125 0.36328125 0.64453125 0.3841145828125
14 0.72265625 0.3841145828125 0.7275390625 0.390625 0.7314453125 0.390625 0.734375 0.3841145828125 0.736328125 0.3606770828125 0.7109375 0.1315104171875 0.705078125 0.1080729171875 0.689453125 0.06901041718749999 0.6865234375 0.06510416718749999 0.6826171875 0.06510416718749999 0.6787109375 0.06770833281250001 0.677734375 0.06901041718749999 0.677734375 0.1080729171875 0.71484375 0.3658854171875 0.72265625 0.3841145828125
18 0.7490234375 0.3229166671875 0.7626953125 0.3359375 0.7705078125 0.3411458328125 0.7939453125 0.3515625 0.8251953125 0.3515625 0.8623046875 0.3359375 0.8701171875 0.3307291671875 0.8974609375 0.3046875 0.912109375 0.28515625 0.916015625 0.27734375 0.91796875 0.26953125 0.91796875 0.2591145828125 0.9140625 0.23046875 0.908203125 0.20182291718749998 0.904296875 0.1888020828125 0.8916015625 0.171875 0.8642578125 0.1614583328125 0.8447265625 0.1614583328125 0.8212890625 0.1666666671875 0.7744140625 0.1822916671875 0.7705078125 0.1848958328125 0.759765625 0.19921875 0.734375 0.23828125 0.732421875 0.24609375 0.734375 0.2903645828125 0.7421875 0.3138020828125 0.7490234375 0.3229166671875
2 0.703125 0.5872395828125 0.705078125 0.5950520828125 0.7099609375 0.6015625 0.7666015625 0.59375 0.9833984375 0.5546875 0.9873046875 0.5520833328125 0.990234375 0.5455729171875 0.966796875 0.39453125 0.962890625 0.3763020828125 0.9599609375 0.3697916671875 0.9462890625 0.3697916671875 0.8798828125 0.3802083328125 0.6904296875 0.4114583328125 0.6865234375 0.4140625 0.68359375 0.41796875 0.68359375 0.4309895828125 0.6953125 0.5299479171875 0.703125 0.5872395828125
17 0.7353515625 0.8203125 0.7705078125 0.8255208328125001 0.8662109375 0.8307291671874999 0.9404296875 0.8307291671874999 0.943359375 0.8268229171874999 0.943359375 0.7799479171875 0.93359375 0.6341145828125 0.931640625 0.61328125 0.9287109375 0.6067708328125 0.9208984375 0.6041666671875 0.7861328125 0.5989583328125 0.7353515625 0.5989583328125 0.7275390625 0.6015625 0.7265625 0.6028645828125 0.7265625 0.6471354171875 0.73046875 0.8138020828125001 0.7353515625 0.8203125