13 0 1 0.9744076312500001 0.999889003125 0.9703306125 0.6696504328125 0.5340895390625 0.6013603578125 0 0.6095143968750001 0 1
4 0.24609375 0.56640625 0.3372395828125 0.578125 0.3424479171875 0.578125 0.34765625 0.576171875 0.4231770828125 0.5234375 0.4270833328125 0.5146484375 0.4270833328125 0.5029296875 0.4244791671875 0.4970703125 0.4192708328125 0.4892578125 0.4049479171875 0.478515625 0.3919270828125 0.47265625 0.36328125 0.46875 0.3528645828125 0.46875 0.3294270828125 0.47265625 0.234375 0.5048828125 0.23177083281250002 0.5087890625 0.23177083281250002 0.5146484375 0.24479166718749998 0.5654296875 0.24609375 0.56640625
12 0 0.4951171875 0.0013020828125 0.49609375 0.0169270828125 0.5 0.1393229171875 0.5 0.1484375 0.4931640625 0.1588541671875 0.4736328125 0.1588541671875 0.4482421875 0.1510416671875 0.4345703125 0.14453125 0.4296875 0.1393229171875 0.427734375 0.0013020828125 0.423828125 0 0.4248046875 0 0.4951171875
14 0.1536458328125 0.4306640625 0.16015625 0.43359375 0.1666666671875 0.4287109375 0.1666666671875 0.4072265625 0.15625 0.3173828125 0.1510416671875 0.2978515625 0.140625 0.2841796875 0.1393229171875 0.283203125 0.1341145828125 0.283203125 0.1328125 0.2841796875 0.1302083328125 0.2880859375 0.1302083328125 0.3017578125 0.1484375 0.4208984375 0.1536458328125 0.4306640625
14 0.1731770828125 0.458984375 0.1744791671875 0.4580078125 0.1770833328125 0.4541015625 0.1822916671875 0.4384765625 0.20052083281250002 0.3505859375 0.203125 0.3271484375 0.1979166671875 0.3134765625 0.19140625 0.310546875 0.1875 0.3134765625 0.1822916671875 0.3251953125 0.1744791671875 0.3681640625 0.1640625 0.4345703125 0.1640625 0.4541015625 0.16796875 0.458984375 0.1731770828125 0.458984375
18 0 0.3291015625 0.0169270828125 0.341796875 0.02734375 0.345703125 0.0481770828125 0.345703125 0.05598958281250001 0.34375 0.07682291718749999 0.3359375 0.109375 0.3173828125 0.1119791671875 0.3134765625 0.1145833328125 0.2802734375 0.08723958281250001 0.26171875 0.06380208281250001 0.255859375 0.0299479171875 0.255859375 0.01171875 0.26171875 0.0026041671875 0.2685546875 0 0.2724609375 0 0.3291015625
17 0.22526041718749998 0.390625 0.2565104171875 0.400390625 0.3294270828125 0.421875 0.34765625 0.421875 0.3802083328125 0.3564453125 0.3828125 0.3505859375 0.3828125 0.3466796875 0.37890625 0.34375 0.3684895828125 0.33984375 0.26171875 0.3046875 0.2513020828125 0.302734375 0.24609375 0.3046875 0.2421875 0.3095703125 0.2109375 0.3701171875 0.2109375 0.3818359375 0.21354166718749998 0.3857421875 0.22526041718749998 0.390625
16 0.37109375 0.33984375 0.39453125 0.3515625 0.3971354171875 0.3515625 0.40625 0.3447265625 0.4244791671875 0.3232421875 0.4244791671875 0.3115234375 0.3893229171875 0.287109375 0.37109375 0.27734375 0.3658854171875 0.27734375 0.3294270828125 0.28515625 0.32421875 0.287109375 0.3151041671875 0.2939453125 0.3098958328125 0.2998046875 0.3098958328125 0.3037109375 0.3111979171875 0.3046875 0.37109375 0.33984375
1 0.1458333328125 0.2900390625 0.1653645828125 0.3046875 0.1731770828125 0.306640625 0.20963541718749998 0.306640625 0.25390625 0.30078125 0.34765625 0.283203125 0.3841145828125 0.2734375 0.3997395828125 0.267578125 0.4088541671875 0.2626953125 0.4088541671875 0.2490234375 0.4010416671875 0.2333984375 0.3880208328125 0.2138671875 0.3815104171875 0.208984375 0.3763020828125 0.20703125 0.3684895828125 0.20703125 0.3111979171875 0.21484375 0.1653645828125 0.236328125 0.1497395828125 0.240234375 0.13671875 0.248046875 0.1354166671875 0.2490234375 0.1354166671875 0.2666015625 0.140625 0.2822265625 0.1458333328125 0.2900390625
6 0.4466145828125 0.41796875 0.5299479171875 0.419921875 0.5338541671875 0.4091796875 0.5364583328125 0.3876953125 0.5390625 0.2509765625 0.5390625 0.1220703125 0.5325520828125 0.119140625 0.44921875 0.111328125 0.4309895828125 0.111328125 0.4270833328125 0.1142578125 0.4244791671875 0.1201171875 0.4270833328125 0.4111328125 0.4361979171875 0.416015625 0.4466145828125 0.41796875
15 0.83203125 0.513671875 0.9049479171874999 0.51171875 0.9127604171874999 0.509765625 0.9166666671874999 0.5068359375 0.9114583328125001 0.1162109375 0.9088541671874999 0.1064453125 0.8997395828125001 0.099609375 0.55078125 0.05078125 0.5481770828125 0.05078125 0.5416666671875 0.0576171875 0.5338541671875 0.5087890625 0.5403645828125 0.513671875 0.55859375 0.515625 0.83203125 0.513671875
3 0.3684895828125 0 0.3671875 0.0009765625 0.3671875 0.0068359375 0.3697916671875 0.0146484375 0.3802083328125 0.0322265625 0.3932291671875 0.0498046875 0.4127604171875 0.06640625 0.4700520828125 0.09765625 0.5013020828125 0.107421875 0.5143229171875 0.107421875 0.5182291671875 0.1044921875 0.5234375 0.0966796875 0.5260416671875 0.0888671875 0.5286458328125 0.0791015625 0.5286458328125 0.0693359375 0.4856770828125 0 0.3684895828125 0
20 0.07291666718749999 0.2021484375 0.08463541718749999 0.2109375 0.3919270828125 0.21484375 0.4049479171875 0.212890625 0.4114583328125 0.2080078125 0.4114583328125 0.1962890625 0.3880208328125 0.0498046875 0.3854166671875 0.0419921875 0.3763020828125 0.029296875 0.06119791718749999 0.005859375 0.05338541718749999 0.005859375 0.0442708328125 0.0107421875 0.0416666671875 0.0146484375 0.0416666671875 0.0224609375 0.06770833281250001 0.1865234375 0.07291666718749999 0.2021484375
11 0.06770833281250001 0.1103515625 0.0703125 0.1142578125 0.07682291718749999 0.119140625 0.2643229171875 0.11328125 0.2799479171875 0.111328125 0.2864583328125 0.1064453125 0.2864583328125 0.1005859375 0.2682291671875 0.0439453125 0.265625 0.0380859375 0.2591145828125 0.03515625 0.15234375 0.03515625 0.05598958281250001 0.037109375 0.05078125 0.0390625 0.0494791671875 0.0400390625 0.0494791671875 0.0517578125 0.0625 0.0947265625 0.06770833281250001 0.1103515625
0 0.17578125 0.169921875 0.34765625 0.142578125 0.36328125 0.13671875 0.3671875 0.1337890625 0.3606770828125 0.130859375 0.33984375 0.130859375 0.1575520828125 0.158203125 0.1536458328125 0.1611328125 0.1536458328125 0.1689453125 0.1549479171875 0.169921875 0.17578125 0.169921875