8 0.5520833328125 0.5673828125 0.5546875 0.5732421875 0.5638020828125 0.578125 0.58203125 0.578125 0.61328125 0.57421875 0.8294270828125001 0.54296875 0.8528645828125001 0.5390625 0.8606770828125001 0.537109375 0.8684895828125001 0.533203125 0.8723958328125001 0.5302734375 0.8723958328125001 0.4990234375 0.8385416671874999 0.2158203125 0.8307291671874999 0.1708984375 0.828125 0.1669921875 0.8190104171874999 0.162109375 0.78515625 0.162109375 0.5377604171875 0.18359375 0.4986979171875 0.1875 0.4934895828125 0.189453125 0.484375 0.1962890625 0.484375 0.2158203125 0.546875 0.5439453125 0.5520833328125 0.5673828125
6 0.328373015625 0.7760416671875 0.339947090625 0.77802579375 0.377976190625 0.7743055562500001 0.43816137499999996 0.76240079375 0.49338624375 0.74950396875 0.4996693125 0.747023809375 0.5066137562499999 0.7410714281249999 0.5102513234375 0.73487103125 0.5102513234375 0.7299107140625 0.44477513281250003 0.291170634375 0.4391534390625 0.265376984375 0.43386243437500005 0.25892857187499996 0.42890211562499997 0.2564484125 0.40674603125 0.2564484125 0.25 0.2720734125 0.24107142812500001 0.2738095234375 0.2357804234375 0.278273809375 0.2357804234375 0.2921626984375 0.30654761875 0.70907738125 0.3244047625 0.7720734125 0.328373015625 0.7760416671875
3 0.7083333328125 0.4169921875 0.72265625 0.42578125 0.73828125 0.4296875 0.7486979171875 0.4296875 0.7591145828125 0.427734375 0.7799479171875 0.419921875 0.86328125 0.361328125 0.8723958328125001 0.3505859375 0.875 0.3447265625 0.875 0.3076171875 0.8619791671874999 0.2666015625 0.8411458328125001 0.2470703125 0.8372395828125001 0.244140625 0.8268229171874999 0.240234375 0.7747395828125 0.23046875 0.7669270828125 0.23046875 0.76171875 0.232421875 0.7526041671875 0.2392578125 0.7109375 0.2861328125 0.7057291671875 0.2939453125 0.703125 0.2998046875 0.6979166671875 0.3408203125 0.6953125 0.3623046875 0.6979166671875 0.3974609375 0.7005208328125 0.4072265625 0.7083333328125 0.4169921875
5 0.5846354171875 0.05859375 0.59765625 0.06640625 0.6809895828125 0.107421875 0.6966145828125 0.11328125 0.7122395828125 0.1171875 0.72265625 0.1171875 0.73046875 0.115234375 0.7513020828125 0.109375 0.7578125 0.1044921875 0.7604166671875 0.1005859375 0.75 0.0615234375 0.7473958328125 0.0576171875 0.7200520828125 0.03515625 0.6393229171875 0.009765625 0.59765625 0.00390625 0.5690104171875 0.00390625 0.5651041671875 0.0068359375 0.5651041671875 0.0400390625 0.5703125 0.0478515625 0.5846354171875 0.05859375
12 0.3984375 0.1201171875 0.4153645828125 0.1328125 0.42578125 0.13671875 0.4544270828125 0.13671875 0.5377604171875 0.11328125 0.5494791671875 0.1064453125 0.5598958328125 0.0927734375 0.5598958328125 0.0712890625 0.5546875 0.0615234375 0.53515625 0.046875 0.5299479171875 0.044921875 0.5091145828125 0.041015625 0.49609375 0.041015625 0.4778645828125 0.04296875 0.46484375 0.044921875 0.4440104171875 0.05078125 0.4153645828125 0.060546875 0.3984375 0.0732421875 0.3932291671875 0.0791015625 0.390625 0.0908203125 0.390625 0.1005859375 0.3932291671875 0.1123046875 0.3984375 0.1201171875
12 0.1888020828125 0.5546875 0.20442708281250002 0.5625 0.21223958281250002 0.564453125 0.23046875 0.564453125 0.24869791718749998 0.556640625 0.2604166671875 0.5458984375 0.265625 0.5341796875 0.265625 0.5107421875 0.23958333281250002 0.4541015625 0.234375 0.4482421875 0.22526041718749998 0.443359375 0.21484375 0.44140625 0.1888020828125 0.44140625 0.1783854171875 0.443359375 0.1627604171875 0.44921875 0.15625 0.4541015625 0.1536458328125 0.4580078125 0.1536458328125 0.4775390625 0.1640625 0.5341796875 0.1888020828125 0.5546875
19 0.5859375 0.7294921875 0.6080729171875 0.74609375 0.6471354171875 0.755859375 0.66015625 0.755859375 0.66796875 0.75390625 0.6770833328125 0.7470703125 0.6796875 0.7431640625 0.6770833328125 0.7021484375 0.6692708328125 0.6904296875 0.6184895828125 0.650390625 0.6028645828125 0.642578125 0.5872395828125 0.642578125 0.5768229171875 0.64453125 0.5690104171875 0.6484375 0.5546875 0.6591796875 0.5520833328125 0.6630859375 0.5494791671875 0.6708984375 0.5494791671875 0.6806640625 0.5546875 0.6904296875 0.5859375 0.7294921875
1 1 0.5498046875 0.9973958328125001 0.5302734375 0.98828125 0.5234375 0.98046875 0.51953125 0.9622395828125001 0.513671875 0.8919270828125001 0.5 0.8763020828125001 0.5 0.875 0.5009765625 0.8385416671874999 0.5439453125 0.8605204687500001 0.8509340671875 1 0.889843578125 1 0.5498046875
1 0.8229166671874999 0.9736328125 0.85546875 0.9921875 0.86328125 0.994140625 0.8763020828125001 0.994140625 0.91796875 0.990234375 0.9440104171874999 0.984375 0.953125 0.9775390625 0.9609375 0.9599609375 0.9661458328125001 0.9326171875 0.9895833328125001 0.7724609375 0.9921875 0.7294921875 0.9765625 0.7041015625 0.96875 0.6962890625 0.9466145828125001 0.6796875 0.92578125 0.669921875 0.88671875 0.654296875 0.8763020828125001 0.65234375 0.78515625 0.65234375 0.77734375 0.654296875 0.7734375 0.6572265625 0.7682291671875 0.6630859375 0.765625 0.6708984375 0.7630208328125 0.6826171875 0.7578125 0.7412109375 0.7526041671875 0.8427734375 0.7526041671875 0.8779296875 0.7604166671875 0.8955078125 0.8229166671874999 0.9736328125
15 0.0013020828125 0 0 0.0009765625 0 0.4287109375 0.0026041671875 0.4677734375 0.0182291671875 0.5576171875 0.05208333281250001 0.7060546875 0.07552083281250001 0.7939453125 0.1223958328125 0.9404296875 0.1380208328125 0.9873046875 0.1432291671875 0.9990234375 0.14453125 1 0.24869791718749998 1 0.25 0.9990234375 0.25 0.9736328125 0.23958333281250002 0.8974609375 0.1927083328125 0.6767578125 0.0703125 0.1181640625 0.0390625 0.0048828125 0.03515625 0 0.0013020828125 0
13 0.5091145828125 1 0.5104166671875 0.9990234375 0.5078125 0.9892578125 0.4739583328125 0.9013671875 0.4635416671875 0.8779296875 0.4596354171875 0.875 0.4205729171875 0.880859375 0.2565104171875 0.91015625 0.2513020828125 0.912109375 0.24479166718749998 0.9169921875 0.24479166718749998 0.9189453125 0.2526041671875 0.9990234375 0.25390625 1 0.5091145828125 1