15 0.471230159375 1 0.1636904765625 0 0.0049603171875 0.0049603171875 0 0.471230159375 0.2380952375 1 0.471230159375 1
20 1 0.17906746093749998 0.8270502640625 0.0290178578125 0.8191137562499999 0.024553571875 0.8111772484375 0.0228174609375 0.80621693125 0.0233134921875 0.7916666671875 0.0300099203125 0.76851851875 0.047123015625 0.5456349203124999 0.2356150796875 0.5046296296875 0.27777777812500004 0.502645503125 0.2864583328125 0.503306878125 0.29365079375 0.5142195765625 0.3060515875 0.6954365078125 0.4295634921875 0.7199074078125001 0.44320436562500004 0.7328042328125 0.4429563484375 0.7519841265625 0.4327876984375 0.8363095234375001 0.365575396875 1 0.2279265875 1 0.17906746093749998
0 0.659391534375 0.012896825 0.6583994703125 0.006200396875 0.6550925921874999 0 0.6428571421875 0.000248015625 0.6292989421875 0.0210813484375 0.57473545 0.1230158734375 0.528108465625 0.21552579375 0.5257936515625 0.224950396875 0.5254629625 0.2301587296875 0.5276232265624999 0.24173866562500002 0.5414520609375 0.2317659484375 0.659391534375 0.012896825
12 0.30687830625 0.1391369046875 0.3141534390625 0.14310515937499999 0.33167989375 0.1488095234375 0.3455687828125 0.150545634375 0.36838624375 0.149553571875 0.39517195781250003 0.1428571421875 0.4249338625 0.1299603171875 0.47222222187499996 0.10540674531250001 0.4861111109375 0.0952380953125 0.49338624375 0.08854166718749999 0.5003306875 0.075396825 0.5019841265625 0.0625 0.5 0.050347221875 0.4920634921875 0.036954365625 0.478174603125 0.0248015875 0.46825396875 0.0200892859375 0.4517195765625 0.0173611109375 0.42757936562500004 0.0171130953125 0.390542328125 0.021825396875 0.3521825390625 0.0349702375 0.321097884375 0.0481150796875 0.309523809375 0.05481150781250001 0.30026454999999996 0.0625 0.290674603125 0.07490079375 0.2863756609375 0.0915178578125 0.2860449734375 0.1046626984375 0.2883597890625 0.118303571875 0.2946428578125 0.1287202375 0.30687830625 0.1391369046875
6 0.571759259375 0.7090229515625001 0.484126984375 0.30326898281250003 0.465608465625 0.22663207812500002 0.459325396875 0.21249517343750002 0.45238095312500004 0.208278903125 0.4378306875 0.20679080781249998 0.2539682546875 0.2248959671875 0.42904843125000003 0.7633442296874999 0.558862434375 0.7382888249999999 0.566137565625 0.732088428125 0.572420634375 0.7214237453125001 0.571759259375 0.7090229515625001
3 0.822089946875 0.6473214281249999 0.8369709000000001 0.6520337296875 0.8835978843750001 0.6550099203124999 0.9133597890624999 0.6495535718750001 0.921296296875 0.64657738125 0.9265873015625001 0.6416170640625001 0.9325396828124999 0.6316964281249999 0.934854496875 0.62177579375 0.934193121875 0.6183035718750001 0.9295634921874999 0.606894840625 0.890542328125 0.53125 0.8869047625 0.528521825 0.859457671875 0.5208333328125 0.8492063484375001 0.5203373015625 0.8455687828125 0.521329365625 0.796296296875 0.543898809375 0.7820767203125001 0.5540674609375 0.771494709375 0.5704365078125 0.771494709375 0.58407738125 0.7857142859375 0.619295634375 0.796957671875 0.6336805562500001 0.822089946875 0.6473214281249999
4 0.68456114375 0.6970706203125 0.71756486875 0.6842949843749999 0.7452454125 0.6555498046875 0.708994709375 0.5577876984375 0.6957671953125 0.5458829359374999 0.6871693125 0.54365079375 0.659060846875 0.5414186515625 0.61276455 0.5404265875 0.5995370375 0.5414186515625 0.59358465625 0.5431547625 0.5697751328125 0.5587797625 0.559193121875 0.57217261875 0.5542328046875 0.581101190625 0.553240740625 0.5858134921875 0.553240740625 0.597222221875 0.55621693125 0.609623015625 0.5929232796874999 0.687251984375 0.68456114375 0.6970706203125
7 0.8303571421875 0.684027778125 0.827711640625 0.68154761875 0.799603175 0.67237103125 0.7956349203124999 0.672619046875 0.7542989421875 0.7051091265625 0.75 0.71552579375 0.749338625 0.7224702375 0.7771845015625 0.7481731625 0.83101851875 0.7237103171875 0.8303571421875 0.684027778125
16 0.621693121875 0.497271825 0.6326058203125 0.497519840625 0.6369047625 0.49578372968749995 0.6765873015625 0.471478175 0.6855158734375 0.4635416671875 0.6898148140625 0.45758928593750003 0.6891534390625 0.45114087343750003 0.684193121875 0.4454365078125 0.639880953125 0.41046627031250005 0.6081349203124999 0.38740079375 0.5952380953125 0.38715277812500004 0.5919312171875 0.3886408734375 0.552910053125 0.4164186515625 0.54332010625 0.4283234125 0.54398148125 0.43353174531249994 0.5545634921875 0.44593253906249997 0.5820105812499999 0.468998015625 0.621693121875 0.497271825
19 1 0.962549603125 0.9933862437500001 0.934027778125 0.9894179890625001 0.9231150796875 0.9791666671874999 0.90625 0.9672619046875001 0.891369046875 0.8875661375 0.8087797625 0.853174603125 0.778273809375 0.841269840625 0.7693452375 0.8115079359375 0.7579365078125 0.7986111109375 0.7579365078125 0.7876984125 0.763144840625 0.7794312171875 0.76884920625 0.7705026453125 0.77802579375 0.765873015625 0.7859623015625 0.765542328125 0.797619046875 0.76917989375 0.8112599203125 0.8421273171875001 0.89828688125 0.8981481484374999 0.968501984375 0.9136904765624999 0.9776785718750001 0.9583333328125001 1 1 1 1 0.962549603125
13 0.8525132281250001 1 0.6865079359374999 0.781001984375 0.6666666671875 0.755704365625 0.659060846875 0.7485119046875 0.64417989375 0.747023809375 0.4454365078125 0.7795138890625 0.440476190625 0.794146825 0.440476190625 0.799851190625 0.47850529062499997 1 0.8525132281250001 1