17 0.0439453125 0 0.04296875 0.0013020828125 0.04296875 0.0299479171875 0.0458984375 0.0338541671875 0.0595703125 0.0416666671875 0.0791015625 0.046875 0.1298828125 0.046875 0.1533203125 0.0442708328125 0.2138671875 0.0338541671875 0.2314453125 0.0286458328125 0.234375 0.0247395828125 0.236328125 0.0169270828125 0.236328125 0.0013020828125 0.2353515625 0 0.0439453125 0
4 0.4130859375 0 0.412109375 0.0013020828125 0.41015625 0.01171875 0.41015625 0.0325520828125 0.4296875 0.22526041718749998 0.435546875 0.23828125 0.4404296875 0.24479166718749998 0.4482421875 0.24479166718749998 0.5185546875 0.22135416718749998 0.5244140625 0.21875 0.5302734375 0.21354166718749998 0.53515625 0.20442708281250002 0.537109375 0.1940104171875 0.537109375 0.1809895828125 0.53515625 0.17578125 0.4296875 0.0013020828125 0.4287109375 0 0.4130859375 0
16 0.380859375 0.6315104171875 0.3837890625 0.6354166671875 0.4287109375 0.6354166671875 0.4755859375 0.6328125 0.4814453125 0.6302083328125 0.484375 0.6236979171875 0.482421875 0.5924479171875 0.466796875 0.4075520828125 0.462890625 0.38671875 0.4599609375 0.3828125 0.4501953125 0.3828125 0.3681640625 0.3984375 0.3642578125 0.4010416671875 0.361328125 0.4049479171875 0.361328125 0.42578125 0.37890625 0.62109375 0.380859375 0.6315104171875
3 0.033203125 0.77734375 0.109375 0.8841145828125001 0.1123046875 0.8880208328125001 0.1162109375 0.8880208328125001 0.1201171875 0.8854166671874999 0.2041015625 0.78125 0.23046875 0.74609375 0.234375 0.73828125 0.236328125 0.7330729171875 0.236328125 0.6809895828125 0.232421875 0.6497395828125 0.2265625 0.62890625 0.220703125 0.61328125 0.21484375 0.6002604171875 0.2021484375 0.5807291671875 0.1884765625 0.5651041671875 0.0927734375 0.4895833328125 0.0517578125 0.5104166671875 0.044921875 0.5169270828125 0.0234375 0.7044270828125 0.0234375 0.74609375 0.02734375 0.76171875 0.033203125 0.77734375
1 0 0.9778645828125001 0.0009765625 0.9791666671874999 0.0224609375 0.9973958328125001 0.0283203125 1 0.1845703125 0.9973958328125001 0.1875 0.9934895828125001 0.1875 0.97265625 0.185546875 0.9622395828125001 0.18359375 0.95703125 0.1787109375 0.9505208328125001 0.0166015625 0.8125 0.0048828125 0.8046875 0.0009765625 0.8046875 0 0.8059895828125001 0 0.9778645828125001
1 0.5869140625 0.71875 0.6103515625 0.7213541671875 0.8818359375 0.7265625 0.9013671875 0.71875 0.904296875 0.7122395828125 0.904296875 0.69921875 0.90234375 0.6940104171875 0.8955078125 0.6848958328125 0.8857421875 0.6796875 0.8623046875 0.6770833328125 0.7841796875 0.6744791671875 0.6708984375 0.671875 0.5595703125 0.671875 0.552734375 0.6809895828125 0.552734375 0.7044270828125 0.5595703125 0.7109375 0.5869140625 0.71875
10 0.5498046875 0.7473958328125 0.5634765625 0.7526041671875 0.5927734375 0.7552083328125 0.7978515625 0.7708333328125 0.8740234375 0.7734375 0.8798828125 0.7708333328125 0.890625 0.7591145828125 0.904296875 0.7122395828125 0.904296875 0.69921875 0.90234375 0.6940104171875 0.8955078125 0.6848958328125 0.8857421875 0.6796875 0.8681640625 0.6770833328125 0.6708984375 0.671875 0.5615234375 0.671875 0.5576171875 0.6744791671875 0.552734375 0.68359375 0.54296875 0.72265625 0.54296875 0.7356770828125 0.544921875 0.7408854171875 0.5498046875 0.7473958328125
14 0.7958984375 0.5260416671875 0.8701171875 0.5234375 0.8779296875 0.5208333328125 0.9033203125 0.5052083328125 0.90625 0.5013020828125 0.90625 0.4986979171875 0.9033203125 0.4947916671875 0.8935546875 0.4895833328125 0.8701171875 0.4869791671875 0.6142578125 0.4869791671875 0.5673828125 0.4921875 0.5478515625 0.5052083328125 0.544921875 0.5091145828125 0.544921875 0.51953125 0.5498046875 0.5234375 0.7958984375 0.5260416671875
14 0.5498046875 0.4947916671875 0.6943359375 0.4973958328125 0.8544921875 0.484375 0.8876953125 0.4791666671875 0.892578125 0.47265625 0.892578125 0.4544270828125 0.8876953125 0.4479166671875 0.8544921875 0.4322916671875 0.8251953125 0.4322916671875 0.5517578125 0.4609375 0.5283203125 0.46875 0.5234375 0.4752604171875 0.5234375 0.4856770828125 0.5244140625 0.4869791671875 0.5498046875 0.4947916671875
7 1 0.4518229171875 0.9990234375 0.4505208328125 0.9775390625 0.453125 0.9423828125 0.4609375 0.9326171875 0.4635416671875 0.9287109375 0.4661458328125 0.923828125 0.47265625 0.923828125 0.48828125 0.9287109375 0.4947916671875 0.9326171875 0.4973958328125 0.9873046875 0.4895833328125 1 0.4856770828125 1 0.4518229171875
0 0.5537109375 0.2708333328125 0.5751953125 0.2708333328125 0.5908203125 0.2682291671875 0.8583984375 0.20833333281250002 0.9501953125 0.1848958328125 0.9619140625 0.1796875 0.9931640625 0.1614583328125 0.998046875 0.1549479171875 0.998046875 0.15234375 0.9951171875 0.1484375 0.9619140625 0.1432291671875 0.9345703125 0.1432291671875 0.5498046875 0.23697916718749998 0.544921875 0.24348958281250002 0.544921875 0.2591145828125 0.5498046875 0.2682291671875 0.5537109375 0.2708333328125