9 0 0.7669270828125 0.0009765625 0.7682291671875 0.0869140625 0.7682291671875 0.2287580984375 0.7685145062500001 0.271484375 0.2981770828125 0.2705078125 0.296875 0.2587890625 0.296875 0.0126953125 0.2994791671875 0.0009765625 0.3020833328125 0 0.3033854171875 0 0.7669270828125
1 0.4267578125 0 0.4111328125 0.0078125 0.408203125 0.01171875 0.408203125 0.02734375 0.416015625 0.12109375 0.43359375 0.24088541718749998 0.443359375 0.2981770828125 0.4482421875 0.3177083328125 0.4521484375 0.3203125 0.4755859375 0.3203125 0.8134765625 0.3177083328125 0.8212890625 0.3151041671875 0.8330078125 0.3072916671875 0.8388671875 0.3020833328125 0.845703125 0.29296875 0.849609375 0.2825520828125 0.908203125 0.05078125 0.91796875 0.006510417187500001 0.9150390625 0 0.4267578125 0
19 0.314453125 0.3294270828125 0.3173828125 0.3333333328125 0.3388671875 0.3333333328125 0.3857421875 0.328125 0.390625 0.31640625 0.390625 0.2981770828125 0.376953125 0.1705729171875 0.37109375 0.1471354171875 0.34375 0.07682291718749999 0.3349609375 0.06510416718749999 0.3271484375 0.0625 0.3154296875 0.0625 0.3076171875 0.06510416718749999 0.2978515625 0.07291666718749999 0.294921875 0.07942708281250001 0.287109375 0.1549479171875 0.287109375 0.1861979171875 0.310546875 0.3190104171875 0.314453125 0.3294270828125
8 0.1669921875 0.796875 0.1708984375 0.7994791671875 0.1923828125 0.7994791671875 0.8505859375 0.71875 0.8603515625 0.7161458328125 0.8671875 0.70703125 0.869140625 0.69921875 0.869140625 0.6809895828125 0.75 0.3059895828125 0.7451171875 0.2994791671875 0.7412109375 0.296875 0.7158203125 0.296875 0.2412109375 0.3411458328125 0.2216796875 0.34375 0.2138671875 0.3489583328125 0.20703125 0.3580729171875 0.205078125 0.37109375 0.162109375 0.73046875 0.158203125 0.7669270828125 0.16015625 0.78515625 0.162109375 0.7903645828125 0.1669921875 0.796875
16 0.1943359375 0.5364583328125 0.2841796875 0.5208333328125 0.3076171875 0.515625 0.3125 0.5091145828125 0.3125 0.4466145828125 0.310546875 0.4309895828125 0.3076171875 0.4270833328125 0.2998046875 0.4270833328125 0.1845703125 0.4453125 0.1767578125 0.4479166671875 0.173828125 0.4518229171875 0.171875 0.4622395828125 0.16796875 0.51171875 0.16796875 0.53515625 0.1689453125 0.5364583328125 0.1943359375 0.5364583328125
11 0.392578125 0.71484375 0.3974609375 0.7213541671875 0.4013671875 0.7239583328125 0.4267578125 0.7239583328125 0.5166015625 0.7057291671875 0.5224609375 0.703125 0.5283203125 0.6979166671875 0.533203125 0.6861979171875 0.533203125 0.6731770828125 0.5 0.4622395828125 0.494140625 0.4283854171875 0.490234375 0.41796875 0.4833984375 0.4114583328125 0.4638671875 0.4114583328125 0.4443359375 0.4140625 0.3857421875 0.4244791671875 0.3798828125 0.4270833328125 0.373046875 0.4361979171875 0.37109375 0.4466145828125 0.373046875 0.4908854171875 0.388671875 0.7018229171875 0.392578125 0.71484375
0 0.5634765625 0.7473958328125 0.5673828125 0.7473958328125 0.576171875 0.7122395828125 0.578125 0.64453125 0.58203125 0.4309895828125 0.580078125 0.42578125 0.5751953125 0.421875 0.5693359375 0.4244791671875 0.56640625 0.4283854171875 0.564453125 0.4544270828125 0.55859375 0.6184895828125 0.556640625 0.67578125 0.556640625 0.71484375 0.5625 0.74609375 0.5634765625 0.7473958328125
3 0.7021484375 0.5208333328125 0.7080078125 0.5260416671875 0.7451171875 0.5520833328125 0.7548828125 0.5546875 0.7705078125 0.5520833328125 0.7998046875 0.5364583328125 0.8115234375 0.5286458328125 0.8203125 0.5169270828125 0.826171875 0.50390625 0.826171875 0.4856770828125 0.8203125 0.44140625 0.8154296875 0.4375 0.7626953125 0.4166666671875 0.7294921875 0.4166666671875 0.7177734375 0.421875 0.7001953125 0.4348958328125 0.689453125 0.44921875 0.685546875 0.4596354171875 0.68359375 0.48046875 0.6875 0.4986979171875 0.693359375 0.5091145828125 0.7021484375 0.5208333328125
18 0.9072265625 0.7213541671875 0.9150390625 0.7265625 0.9404296875 0.7213541671875 0.943359375 0.7174479171875 0.96875 0.6497395828125 0.9765625 0.61328125 0.978515625 0.5872395828125 0.974609375 0.5716145828125 0.96875 0.55859375 0.9521484375 0.5364583328125 0.9443359375 0.5286458328125 0.9384765625 0.5260416671875 0.9306640625 0.5234375 0.9130859375 0.5234375 0.8876953125 0.5260416671875 0.8779296875 0.5286458328125 0.8740234375 0.53125 0.865234375 0.54296875 0.861328125 0.5533854171875 0.857421875 0.5716145828125 0.85546875 0.6028645828125 0.861328125 0.6341145828125 0.873046875 0.6783854171875 0.9072265625 0.7213541671875
2 0.7236328125 1 0.7265625 0.99609375 0.728515625 0.97265625 0.728515625 0.8684895828125001 0.7255859375 0.8645833328125001 0.6923828125 0.8515625 0.6005859375 0.8203125 0.5908203125 0.8177083328125001 0.5810546875 0.8177083328125001 0.55078125 0.8997395828125001 0.548828125 0.91015625 0.5390625 0.98828125 0.5390625 0.99609375 0.5419921875 1 0.7236328125 1
10 0.8388671875 1 0.841796875 0.9934895828125001 0.849609375 0.8190104171874999 0.849609375 0.7955729171875 0.84765625 0.7669270828125 0.845703125 0.75390625 0.8427734375 0.7473958328125 0.8388671875 0.7447916671875 0.8349609375 0.7447916671875 0.8203125 0.76171875 0.81640625 0.8033854171874999 0.814453125 0.99609375 0.8173828125 1 0.8388671875 1
4 0.515214728125 1 0.517578125 0.9908854171874999 0.51953125 0.98046875 0.51953125 0.9518229171874999 0.515625 0.93359375 0.4921875 0.87890625 0.4833984375 0.8671875 0.4716796875 0.8567708328125001 0.4404296875 0.8333333328125001 0.4306640625 0.8333333328125001 0.41656858281250003 0.839901471875 0.39853042968749997 0.8816146984375001 0.37570089375000004 0.9586526421875 0.3652725859375 0.889506390625 0.35202581875 0.8857484421875 0.344415971875 0.8887548015625001 0.33539689687499996 0.8996528515625 0.333987665625 0.919569978125 0.34018828125 0.9289648484375 0.3537168953125 0.9308438234375 0.3616085859375 0.9984868953125 0.33708797343749997 0.9917225875 0.3415975109375 0.965041153125 0.3320147421875 0.9533915140625 0.3201772046875 0.9556462828125 0.311721821875 0.963537975 0.30636674531249997 0.9736844359375001 0.30859375 0.9934895828125001 0.3145402828125 1 0.515214728125 1
7 0.2294921875 0.9947916671874999 0.2392578125 0.9947916671874999 0.259765625 0.9700520828125001 0.263671875 0.95703125 0.275390625 0.90234375 0.275390625 0.89453125 0.255859375 0.8190104171874999 0.2529296875 0.8151041671874999 0.2509765625 0.8151041671874999 0.1767578125 0.8359375 0.173828125 0.83984375 0.140625 0.9440104171874999 0.140625 0.9518229171874999 0.1552734375 0.984375 0.2294921875 0.9947916671874999