15 0.0712890625 0 0.0703125 0.0013020828125 0.068359375 0.006510417187500001 0.068359375 0.01953125 0.0703125 0.0403645828125 0.099609375 0.2877604171875 0.11328125 0.37109375 0.1181640625 0.3776041671875 0.3662109375 0.4583333328125 0.5966796875 0.53125 0.6025390625 0.53125 0.60546875 0.52734375 0.607421875 0.51953125 0.626953125 0.3763020828125 0.6640625 0.03515625 0.6640625 0.01171875 0.6630859375 0.010416667187500001 0.6591796875 0.0078125 0.6064453125 0.0026041671875 0.1064453125 0 0.0712890625 0
1 0 0.3346354171875 0.0419921875 0.3567708328125 0.0693359375 0.3567708328125 0.0888671875 0.3541666671875 0.1015625 0.3294270828125 0.10546875 0.3190104171875 0.10546875 0.3111979171875 0.08984375 0.1861979171875 0.078125 0.1028645828125 0.0732421875 0.09375 0.0009765625 0.08333333281250001 0 0.08463541718749999 0 0.3346354171875
9 0 0.6575520828125 0.0029296875 0.6588541671875 0.1025390625 0.53125 0.111328125 0.51953125 0.115234375 0.51171875 0.115234375 0.5091145828125 0.1103515625 0.5026041671875 0.0087890625 0.46875 0.0009765625 0.46875 0 0.4700520828125 0 0.6575520828125
4 0.0576171875 0.4869791671875 0.0908203125 0.4973958328125 0.1025390625 0.4973958328125 0.1083984375 0.4947916671875 0.123046875 0.4778645828125 0.140625 0.44140625 0.1123046875 0.4270833328125 0.0888671875 0.4270833328125 0.0712890625 0.4348958328125 0.0576171875 0.4453125 0.052734375 0.4518229171875 0.052734375 0.46484375 0.0546875 0.4830729171875 0.0576171875 0.4869791671875
14 0.0263671875 0.6744791671875 0.0322265625 0.6692708328125 0.1337890625 0.5625 0.138671875 0.5559895828125 0.140625 0.55078125 0.14453125 0.5299479171875 0.14453125 0.5247395828125 0.1435546875 0.5234375 0.1396484375 0.5234375 0.1240234375 0.5364583328125 0.0458984375 0.6171875 0.037109375 0.62890625 0.017578125 0.66796875 0.017578125 0.6731770828125 0.0185546875 0.6744791671875 0.0263671875 0.6744791671875
2 0.1181640625 0.7760416671875 0.1298828125 0.7786458328125 0.1630859375 0.7786458328125 0.1767578125 0.7760416671875 0.1884765625 0.7708333328125 0.1953125 0.76171875 0.203125 0.7408854171875 0.212890625 0.7044270828125 0.232421875 0.6236979171875 0.234375 0.61328125 0.234375 0.5924479171875 0.2275390625 0.5885416671875 0.1689453125 0.5885416671875 0.1611328125 0.5911458328125 0.15625 0.59765625 0.13671875 0.6497395828125 0.11328125 0.72265625 0.107421875 0.7434895828125 0.107421875 0.7643229171875 0.1142578125 0.7734375 0.1181640625 0.7760416671875
12 0.525390625 0.7955729171875 0.5322265625 0.8098958328125001 0.5400390625 0.8177083328125001 0.5498046875 0.8229166671874999 0.5751953125 0.8229166671874999 0.5849609375 0.8177083328125001 0.5908203125 0.8125 0.599609375 0.7981770828125 0.60546875 0.7799479171875 0.60546875 0.7486979171875 0.595703125 0.6627604171875 0.5888671875 0.65625 0.5712890625 0.6484375 0.5615234375 0.6458333328125 0.5458984375 0.6458333328125 0.5244140625 0.6536458328125 0.51953125 0.66015625 0.51953125 0.68359375 0.5234375 0.7877604171875 0.525390625 0.7955729171875
18 0.41015625 0.7877604171875 0.416015625 0.8033854171874999 0.4189453125 0.8072916671874999 0.4228515625 0.8098958328125001 0.4326171875 0.8125 0.4443359375 0.8125 0.4560546875 0.8098958328125001 0.4658203125 0.8046875 0.4755859375 0.796875 0.482421875 0.7877604171875 0.486328125 0.7799479171875 0.48828125 0.7669270828125 0.48828125 0.7174479171875 0.486328125 0.70703125 0.4765625 0.6861979171875 0.46484375 0.6653645828125 0.4599609375 0.6588541671875 0.4482421875 0.6484375 0.4345703125 0.640625 0.4287109375 0.640625 0.42578125 0.64453125 0.40625 0.71484375 0.404296875 0.72265625 0.404296875 0.7513020828125 0.40625 0.7721354171875 0.41015625 0.7877604171875
10 0.3701171875 0.9791666671874999 0.373046875 0.97265625 0.376953125 0.9544270828125001 0.39453125 0.80859375 0.396484375 0.77734375 0.39453125 0.7669270828125 0.3916015625 0.7630208328125 0.3896484375 0.7630208328125 0.384765625 0.76953125 0.380859375 0.7799479171875 0.36328125 0.9309895828125001 0.361328125 0.94921875 0.361328125 0.9752604171874999 0.3642578125 0.9791666671874999 0.3701171875 0.9791666671874999
4 0.4453125 0.98828125 0.4521484375 0.9973958328125001 0.4794921875 1 0.5791015625 0.9973958328125001 0.5859375 0.9934895828125001 0.599609375 0.9622395828125001 0.603515625 0.8736979171874999 0.5869140625 0.8515625 0.5732421875 0.8411458328125001 0.5537109375 0.8307291671874999 0.5283203125 0.8229166671874999 0.5029296875 0.8229166671874999 0.4736328125 0.8359375 0.4658203125 0.8411458328125001 0.455078125 0.85546875 0.4375 0.8893229171874999 0.43359375 0.9049479171874999 0.43359375 0.94140625 0.439453125 0.97265625 0.4453125 0.98828125
19 0.6103515625 0.6875 0.6220703125 0.6953125 0.6318359375 0.6953125 0.634765625 0.6809895828125 0.669921875 0.3841145828125 0.669921875 0.3684895828125 0.6669921875 0.3645833328125 0.6630859375 0.3619791671875 0.6552734375 0.3619791671875 0.6494140625 0.3645833328125 0.64453125 0.37109375 0.6171875 0.4309895828125 0.61328125 0.4518229171875 0.595703125 0.6341145828125 0.595703125 0.6549479171875 0.59765625 0.6705729171875 0.6103515625 0.6875
13 1 0.4466145828125 0.8245636 0.46634659218749996 0.7402950109375 0.15585158125 0.7265625 0.1966145828125 0.6953125 0.29296875 0.66015625 0.4205729171875 0.638671875 0.63671875 0.607421875 0.96484375 0.607421875 0.99609375 0.6083984375 0.9973958328125001 1 1 1 0.6263020828125 1 0.4466145828125
1 0.7412109375 0 0.73828125 0.00390625 0.734375 0.0169270828125 0.73046875 0.05078125 0.728515625 0.07942708281250001 0.728515625 0.1002604171875 0.7578125 0.22265625 0.82421875 0.45703125 0.8291015625 0.4635416671875 0.8330078125 0.4635416671875 0.9794921875 0.4479166671875 0.9873046875 0.4453125 0.9951171875 0.4401041671875 1 0.43359375 1 0.13671875 0.99609375 0.12890625 0.966796875 0.08463541718749999 0.921875 0.01953125 0.9091796875 0.0026041671875 0.9033203125 0 0.7412109375 0
6 0.3603515625 0.6067708328125 0.4619140625 0.6432291671875 0.470703125 0.6315104171875 0.478515625 0.6106770828125 0.5078125 0.5247395828125 0.509765625 0.5169270828125 0.509765625 0.5065104171875 0.4912109375 0.4973958328125 0.4052734375 0.46875 0.2744140625 0.4270833328125 0.2412109375 0.4192708328125 0.20703125 0.47265625 0.185546875 0.5091145828125 0.1796875 0.5221354171875 0.177734375 0.52734375 0.1826171875 0.5364583328125 0.1982421875 0.5442708328125 0.3603515625 0.6067708328125