1 0.4833984375 0 0.482421875 0.0013020828125 0.478515625 0.009114582812499999 0.478515625 0.07161458281250001 0.484375 0.1419270828125 0.498046875 0.2513020828125 0.50390625 0.26953125 0.5126953125 0.2734375 0.7919921875 0.2734375 0.8193359375 0.2708333328125 0.8330078125 0.265625 0.8408203125 0.2604166671875 0.845703125 0.25390625 0.853515625 0.23046875 0.890625 0.07161458281250001 0.90234375 0.014322917187500001 0.90234375 0.0013020828125 0.9013671875 0 0.4833984375 0
19 0.39453125 0.26953125 0.396484375 0.2747395828125 0.4013671875 0.28125 0.4228515625 0.28125 0.4541015625 0.2786458328125 0.4599609375 0.2760416671875 0.462890625 0.2721354171875 0.4609375 0.19921875 0.458984375 0.1627604171875 0.453125 0.1184895828125 0.435546875 0.06380208281250001 0.4287109375 0.0546875 0.4228515625 0.05208333281250001 0.4091796875 0.05208333281250001 0.4033203125 0.0546875 0.396484375 0.06380208281250001 0.384765625 0.1341145828125 0.384765625 0.1627604171875 0.392578125 0.2565104171875 0.39453125 0.26953125
9 0.07763221875000001 0.4505208328125 0.19593154375 0.42121250468750004 0.42621158125 0.377349640625 0.39306190625 0.2669270828125 0.387025271875 0.186417171875 0.37396316875 0.190287425 0.36669471875 0.171875 0.35888221875 0.171875 0.11610758125000001 0.2244746578125 0.05614784375 0.21875 0.05126503125 0.22265625 0.045405656249999995 0.4466145828125 0.05224159375 0.453125 0.06200721875 0.453125 0.07763221875000001 0.4505208328125
8 0.3212890625 0.6328125 0.3544921875 0.6302083328125 0.8486328125 0.5885416671875 0.8515625 0.5846354171875 0.857421875 0.5690104171875 0.857421875 0.5611979171875 0.84375 0.5143229171875 0.765625 0.26953125 0.763671875 0.2643229171875 0.7587890625 0.2578125 0.7470703125 0.2526041671875 0.3291015625 0.2864583328125 0.3115234375 0.2890625 0.3046875 0.2981770828125 0.287109375 0.5143229171875 0.28125 0.6158854171875 0.283203125 0.6263020828125 0.2880859375 0.6328125 0.3212890625 0.6328125
12 0.0849609375 0.5286458328125 0.1025390625 0.5390625 0.1181640625 0.5390625 0.1279296875 0.5364583328125 0.1376953125 0.53125 0.1513671875 0.5208333328125 0.158203125 0.51171875 0.185546875 0.4622395828125 0.189453125 0.4544270828125 0.193359375 0.4388020828125 0.19140625 0.4153645828125 0.1806640625 0.4010416671875 0.1669921875 0.3932291671875 0.1416015625 0.3932291671875 0.1337890625 0.3958333328125 0.1220703125 0.4010416671875 0.1103515625 0.4114583328125 0.1015625 0.4231770828125 0.08984375 0.4440104171875 0.080078125 0.46484375 0.072265625 0.4856770828125 0.072265625 0.50390625 0.078125 0.51953125 0.0849609375 0.5286458328125
18 0.1962890625 0.7057291671875 0.2060546875 0.7083333328125 0.2255859375 0.7083333328125 0.23046875 0.7018229171875 0.2421875 0.6731770828125 0.25390625 0.6028645828125 0.25390625 0.5950520828125 0.240234375 0.5403645828125 0.2353515625 0.5338541671875 0.2294921875 0.53125 0.1904296875 0.5338541671875 0.1826171875 0.5364583328125 0.1689453125 0.5520833328125 0.158203125 0.5690104171875 0.154296875 0.59765625 0.154296875 0.60546875 0.193359375 0.7018229171875 0.1962890625 0.7057291671875
11 0.3134765625 0.546875 0.3193359375 0.5494791671875 0.3330078125 0.5494791671875 0.42621158125 0.537965128125 0.419921875 0.4518229171875 0.4140625 0.3528645828125 0.412109375 0.33203125 0.41015625 0.3268229171875 0.4072265625 0.3229166671875 0.3798828125 0.3229166671875 0.3505859375 0.3255208328125 0.3212890625 0.3307291671875 0.3173828125 0.3333333328125 0.3125 0.3424479171875 0.310546875 0.3763020828125 0.30859375 0.48046875 0.30859375 0.5377604171875 0.310546875 0.54296875 0.3134765625 0.546875
16 0.4658203125 0.3984375 0.4736328125 0.3984375 0.4873046875 0.3932291671875 0.5498046875 0.3619791671875 0.564453125 0.3528645828125 0.564453125 0.34765625 0.5625 0.3424479171875 0.5341796875 0.2994791671875 0.5263671875 0.2994791671875 0.4423828125 0.3385416671875 0.439453125 0.3424479171875 0.439453125 0.34765625 0.4609375 0.3919270828125 0.4658203125 0.3984375
17 0.404296875 0.6627604171875 0.4072265625 0.6666666671875 0.4228515625 0.6666666671875 0.4599609375 0.6536458328125 0.5576171875 0.6145833328125 0.5673828125 0.609375 0.5703125 0.60546875 0.5703125 0.58984375 0.537109375 0.48046875 0.529296875 0.4596354171875 0.5244140625 0.453125 0.5107421875 0.453125 0.3857421875 0.4973958328125 0.3740234375 0.5052083328125 0.373046875 0.5065104171875 0.373046875 0.5221354171875 0.400390625 0.6497395828125 0.404296875 0.6627604171875
4 0.7158203125 0.546875 0.7763671875 0.5833333328125 0.779296875 0.58203125 0.8046875 0.51953125 0.806640625 0.51171875 0.806640625 0.4986979171875 0.802734375 0.4830729171875 0.7890625 0.4518229171875 0.7783203125 0.4375 0.7568359375 0.4166666671875 0.7470703125 0.4114583328125 0.6787109375 0.4166666671875 0.6748046875 0.4192708328125 0.6474609375 0.4479166671875 0.642578125 0.4544270828125 0.642578125 0.46484375 0.6494140625 0.4739583328125 0.7158203125 0.546875
3 0.6708984375 0.3489583328125 0.6767578125 0.3541666671875 0.6884765625 0.359375 0.7314453125 0.3567708328125 0.7353515625 0.3541666671875 0.740234375 0.34765625 0.751953125 0.32421875 0.755859375 0.3111979171875 0.755859375 0.3033854171875 0.751953125 0.2903645828125 0.736328125 0.2565104171875 0.7333984375 0.2526041671875 0.6806640625 0.265625 0.6689453125 0.2734375 0.658203125 0.2877604171875 0.65625 0.29296875 0.654296875 0.30078125 0.65625 0.3216145828125 0.662109375 0.3372395828125 0.6708984375 0.3489583328125
3 0.8564453125 0.5182291671875 0.8779296875 0.5182291671875 0.8876953125 0.5104166671875 0.890625 0.5065104171875 0.912109375 0.45703125 0.91796875 0.4388020828125 0.91796875 0.4231770828125 0.9140625 0.4075520828125 0.904296875 0.38671875 0.8720703125 0.3463541671875 0.8623046875 0.3359375 0.8349609375 0.3177083328125 0.8251953125 0.3177083328125 0.81640625 0.3294270828125 0.798828125 0.3580729171875 0.796875 0.3684895828125 0.8046875 0.3971354171875 0.841796875 0.5091145828125 0.8564453125 0.5182291671875
2 0.5654296875 0.9973958328125001 0.7197265625 0.9973958328125001 0.72265625 0.9934895828125001 0.732421875 0.86328125 0.736328125 0.7903645828125 0.73828125 0.71484375 0.7333984375 0.7083333328125 0.6943359375 0.6927083328125 0.6298828125 0.6692708328125 0.6181640625 0.6692708328125 0.59375 0.7252604171875 0.591796875 0.7330729171875 0.5546875 0.9700520828125001 0.5546875 0.9856770828125001 0.556640625 0.9908854171874999 0.5654296875 0.9973958328125001
10 0.8134765625 1 0.81640625 0.99609375 0.81640625 0.9856770828125001 0.80078125 0.8971354171874999 0.787109375 0.8346354171874999 0.77734375 0.8059895828125001 0.7744140625 0.8020833328125001 0.7685546875 0.8020833328125001 0.763671875 0.80859375 0.759765625 0.8190104171874999 0.759765625 0.83203125 0.765625 0.87109375 0.79296875 0.99609375 0.7958984375 1 0.8134765625 1
5 0.890625 0.9622395828125001 0.8955078125 0.96875 0.9423828125 0.9583333328125001 0.947265625 0.9544270828125001 0.951171875 0.9231770828125001 0.951171875 0.9049479171874999 0.94921875 0.8841145828125001 0.919921875 0.71484375 0.9140625 0.6888020828125 0.91015625 0.6809895828125 0.8994140625 0.6666666671875 0.8408203125 0.6692708328125 0.837890625 0.6731770828125 0.837890625 0.68359375 0.888671875 0.95703125 0.890625 0.9622395828125001
14 0.3544921875 1 0.357421875 0.9934895828125001 0.361328125 0.9752604171874999 0.392578125 0.77734375 0.3984375 0.73828125 0.3984375 0.73046875 0.3955078125 0.7265625 0.3896484375 0.7265625 0.384765625 0.7408854171875 0.341796875 0.95703125 0.33984375 0.9700520828125001 0.33984375 0.9986979171874999 0.3408203125 1 0.3544921875 1
14 0.3310546875 1 0.3359375 0.98828125 0.3671875 0.8424479171874999 0.380859375 0.7669270828125 0.3828125 0.7434895828125 0.3779296875 0.7369791671875 0.3740234375 0.7369791671875 0.369140625 0.7434895828125 0.35546875 0.7721354171875 0.34765625 0.79296875 0.3359375 0.85546875 0.3125 0.9934895828125001 0.3125 0.99609375 0.3154296875 1 0.3310546875 1
7 0.2568359375 0.9401041671874999 0.298828125 0.92578125 0.330078125 0.8111979171874999 0.330078125 0.8059895828125001 0.328125 0.80078125 0.3212890625 0.7916666671875 0.3173828125 0.7890625 0.3095703125 0.7864583328125 0.2724609375 0.7864583328125 0.2158203125 0.8151041671874999 0.2119140625 0.8177083328125001 0.20703125 0.82421875 0.1953125 0.87109375 0.1953125 0.87890625 0.2490234375 0.9401041671874999 0.2568359375 0.9401041671874999
1 0.5458984375 0.9973958328125001 0.546875 0.99609375 0.546875 0.8268229171874999 0.544921875 0.7877604171875 0.5390625 0.7408854171875 0.5341796875 0.7317708328125 0.5185546875 0.7239583328125 0.5087890625 0.7213541671875 0.4853515625 0.71875 0.4541015625 0.71875 0.4501953125 0.7213541671875 0.447265625 0.7252604171875 0.4375 0.77734375 0.4296875 0.85546875 0.421875 0.9752604171874999 0.421875 0.99609375 0.4228515625 0.9973958328125001 0.5458984375 0.9973958328125001