9 0 0.9953499234375001 0.0009765625 0.99665200625 0.3017578125 0.99665200625 0.5439233953125 1 0.55842801875 0.8420120109375 0.4013671875 0.80915200625 0.3818359375 0.8039436734375001 0.0380859375 0.7388395062499999 0.0185546875 0.7388395062499999 0.0078125 0.7583707562499999 0 0.7818082562499999 0 0.9953499234375001
1 0.3818359375 0 0.3623046875 0.0052083328125 0.3525390625 0.010416667187500001 0.3515625 0.01171875 0.25104875 0.144271059375 0.238646 0.176774815625 0.2700451140625 0.267214453125 0.3916927953125 0.282500025 0.4326171875 0.2760416671875 0.5283203125 0.2916666671875 0.5849609375 0.2916666671875 0.5927734375 0.2890625 0.6005859375 0.2838541671875 0.61328125 0.2669270828125 0.619140625 0.25390625 0.626953125 0.21223958281250002 0.630859375 0.1731770828125 0.6328125 0.1315104171875 0.6328125 0.06901041718749999 0.62890625 0.006510417187500001 0.6240234375 0 0.3818359375 0
19 0.2353515625 0 0.232421875 0.00390625 0.23046875 0.009114582812499999 0.23046875 0.05078125 0.2695521046875 0.22525556875000002 0.30859375 0.3763020828125 0.314453125 0.3919270828125 0.3291015625 0.4036458328125 0.3447265625 0.4088541671875 0.3603515625 0.4088541671875 0.3701171875 0.40625 0.3876953125 0.3932291671875 0.392578125 0.3841145828125 0.3984375 0.3658854171875 0.3984375 0.34765625 0.37890625 0.19140625 0.3515625 0.0221354171875 0.345703125 0.006510417187500001 0.3408203125 0 0.2353515625 0
4 0.4091796875 0.1510416671875 0.5380859375 0.1484375 0.5537109375 0.1458333328125 0.5654296875 0.1432291671875 0.5771484375 0.1380208328125 0.6494140625 0.09375 0.654296875 0.08723958281250001 0.654296875 0.07161458281250001 0.65234375 0.06640625 0.6376953125 0.046875 0.6279296875 0.0364583328125 0.5908203125 0.015625 0.5751953125 0.010416667187500001 0.5634765625 0.010416667187500001 0.4814453125 0.046875 0.4697265625 0.0546875 0.4013671875 0.1276041671875 0.400390625 0.12890625 0.400390625 0.1419270828125 0.4052734375 0.1484375 0.4091796875 0.1510416671875
14 0.6669921875 0.2682291671875 0.7548828125 0.3671875 0.7607421875 0.3723958328125 0.7744140625 0.3802083328125 0.77734375 0.3763020828125 0.77734375 0.3736979171875 0.76953125 0.35546875 0.7607421875 0.34375 0.6669921875 0.23177083281250002 0.6572265625 0.22135416718749998 0.6474609375 0.21354166718749998 0.6435546875 0.21354166718749998 0.640625 0.21744791718749998 0.640625 0.22526041718749998 0.650390625 0.24609375 0.6669921875 0.2682291671875
14 0.7041015625 0.2708333328125 0.8076171875 0.3880208328125 0.8134765625 0.3932291671875 0.8193359375 0.3958333328125 0.8251953125 0.3958333328125 0.828125 0.3919270828125 0.828125 0.3841145828125 0.822265625 0.3684895828125 0.8193359375 0.3645833328125 0.7060546875 0.22916666718749998 0.6982421875 0.22135416718749998 0.6865234375 0.21354166718749998 0.6845703125 0.21354166718749998 0.681640625 0.21744791718749998 0.681640625 0.23046875 0.69140625 0.25390625 0.7041015625 0.2708333328125
12 0.474609375 0.49609375 0.4794921875 0.5026041671875 0.4912109375 0.5104166671875 0.5029296875 0.515625 0.5185546875 0.515625 0.5361328125 0.5078125 0.5419921875 0.5026041671875 0.556640625 0.4830729171875 0.5625 0.4674479171875 0.564453125 0.45703125 0.564453125 0.4361979171875 0.556640625 0.4205729171875 0.546875 0.4049479171875 0.5185546875 0.3671875 0.4951171875 0.3463541671875 0.4775390625 0.34375 0.4638671875 0.3463541671875 0.4501953125 0.3515625 0.4384765625 0.3619791671875 0.431640625 0.37109375 0.42578125 0.3841145828125 0.423828125 0.3919270828125 0.423828125 0.40234375 0.42578125 0.41015625 0.474609375 0.49609375
1 0.642578125 0.61328125 0.650390625 0.6653645828125 0.65625 0.6940104171875 0.6650390625 0.7057291671875 0.6904296875 0.7135416671875 0.7294921875 0.71875 0.7568359375 0.71875 0.7685546875 0.7109375 0.771484375 0.7044270828125 0.77734375 0.6653645828125 0.77734375 0.6549479171875 0.7734375 0.6236979171875 0.7265625 0.3580729171875 0.724609375 0.3528645828125 0.7177734375 0.34375 0.6923828125 0.3255208328125 0.6787109375 0.3203125 0.6611328125 0.3203125 0.6240234375 0.3255208328125 0.6171875 0.3346354171875 0.6171875 0.3919270828125 0.619140625 0.4283854171875 0.642578125 0.61328125
10 0.4765625 0.7278645828125 0.498046875 0.7799479171875 0.5068359375 0.7942708328125 0.5166015625 0.796875 0.5224609375 0.7942708328125 0.525390625 0.7903645828125 0.525390625 0.77734375 0.513671875 0.73828125 0.501953125 0.7096354171875 0.431640625 0.54296875 0.4228515625 0.53125 0.4169921875 0.53125 0.4140625 0.53515625 0.412109375 0.5403645828125 0.412109375 0.5481770828125 0.4140625 0.5559895828125 0.4765625 0.7278645828125
10 0.486328125 0.80859375 0.4990234375 0.8255208328125001 0.5029296875 0.8255208328125001 0.509765625 0.81640625 0.509765625 0.8059895828125001 0.482421875 0.7434895828125 0.4140625 0.60546875 0.40234375 0.5846354171875 0.3857421875 0.5625 0.3798828125 0.5625 0.376953125 0.56640625 0.375 0.58203125 0.375 0.5924479171875 0.392578125 0.6315104171875 0.486328125 0.80859375
0 0.6787109375 1 0.681640625 0.99609375 0.681640625 0.9934895828125001 0.677734375 0.9830729171874999 0.568359375 0.73046875 0.564453125 0.72265625 0.5576171875 0.7135416671875 0.5537109375 0.7135416671875 0.5498046875 0.7161458328125 0.544921875 0.72265625 0.544921875 0.7356770828125 0.650390625 0.9856770828125001 0.6591796875 1 0.6787109375 1
7 0.3095703125 0.9947916671874999 0.3916015625 1 0.39453125 0.99609375 0.3984375 0.98046875 0.4296875 0.8138020828125001 0.4296875 0.8059895828125001 0.4228515625 0.7994791671875 0.4189453125 0.7994791671875 0.33025912812499997 0.9126755624999999 0.24609375 0.94140625 0.2421875 0.94921875 0.2421875 0.9518229171874999 0.2451171875 0.9557291671874999 0.3095703125 0.9947916671874999
11 0.232421875 0.6341145828125 0.2578125 0.7434895828125 0.26171875 0.7591145828125 0.265625 0.76953125 0.2685546875 0.7734375 0.2744140625 0.7786458328125 0.2861328125 0.7786458328125 0.3720703125 0.7291666671875 0.3916015625 0.7161458328125 0.400390625 0.70703125 0.40234375 0.7018229171875 0.40234375 0.6888020828125 0.3984375 0.66796875 0.33984375 0.4830729171875 0.328125 0.44921875 0.32421875 0.44140625 0.3173828125 0.4322916671875 0.3037109375 0.4322916671875 0.2275390625 0.46875 0.2119140625 0.4791666671875 0.205078125 0.48828125 0.205078125 0.5013020828125 0.2109375 0.53515625 0.232421875 0.6341145828125