11 0.21875 0.9853515625 0.22395833281250002 0.9912109375 0.23567708281250002 0.99609375 0.2513020828125 0.99609375 0.2591145828125 0.994140625 0.32421875 0.97265625 0.4049479171875 0.943359375 0.4205729171875 0.935546875 0.4244791671875 0.9326171875 0.4296875 0.9248046875 0.4296875 0.9111328125 0.4192708328125 0.8876953125 0.3932291671875 0.8369140625 0.3880208328125 0.8291015625 0.3841145828125 0.826171875 0.37109375 0.826171875 0.2591145828125 0.84375 0.20182291718749998 0.853515625 0.1809895828125 0.859375 0.1796875 0.8603515625 0.1796875 0.8701171875 0.21354166718749998 0.9736328125 0.21875 0.9853515625
9 0.4444340203125 0.8200097953125001 0.815263434375 0.77603943125 0.6354166671875 0.4853515625 0.6223958328125 0.4658203125 0.61328125 0.45703125 0.60546875 0.45703125 0.4231770828125 0.486328125 0.006510417187500001 0.560546875 0.0026041671875 0.5673828125 0 0.6240234375 0.0026041671875 0.8740234375 0.006510417187500001 0.884765625 0.4444340203125 0.8200097953125001
2 0 0.7685546875 0.00390625 0.771484375 0.0247395828125 0.771484375 0.08463541718749999 0.767578125 0.3606770828125 0.748046875 0.3671875 0.7451171875 0.3671875 0.6201171875 0.36328125 0.6171875 0.0169270828125 0.638671875 0.006510417187500001 0.640625 0.0026041671875 0.6435546875 0 0.6513671875 0 0.7685546875
14 0.30859375 0.572265625 0.5377604171875 0.5703125 0.55078125 0.568359375 0.59765625 0.556640625 0.6015625 0.5498046875 0.59765625 0.544921875 0.5768229171875 0.54296875 0.5377604171875 0.54296875 0.3294270828125 0.552734375 0.3138020828125 0.5546875 0.2955729171875 0.560546875 0.2942708328125 0.5615234375 0.2942708328125 0.5673828125 0.2981770828125 0.5703125 0.30859375 0.572265625
14 0.31640625 0.5546875 0.3450520828125 0.55078125 0.55859375 0.501953125 0.5768229171875 0.494140625 0.5807291671875 0.4912109375 0.5807291671875 0.4853515625 0.5768229171875 0.482421875 0.5247395828125 0.482421875 0.5143229171875 0.484375 0.3294270828125 0.533203125 0.3138020828125 0.541015625 0.3046875 0.5478515625 0.3046875 0.5498046875 0.30859375 0.552734375 0.31640625 0.5546875
5 0 0.5341796875 0.013020832812499999 0.5654296875 0.0182291671875 0.5751953125 0.0221354171875 0.578125 0.0455729171875 0.583984375 0.09505208281250001 0.583984375 0.24609375 0.56640625 0.26953125 0.5625 0.2955729171875 0.5546875 0.3098958328125 0.5439453125 0.3125 0.5400390625 0.3125 0.4970703125 0.3033854171875 0.494140625 0.2955729171875 0.494140625 0.006510417187500001 0.52734375 0.0013020828125 0.529296875 0 0.5302734375 0 0.5341796875
18 0.0481770828125 0.474609375 0.08723958281250001 0.484375 0.12109375 0.484375 0.1549479171875 0.47265625 0.1692708328125 0.4638671875 0.1770833328125 0.4541015625 0.1822916671875 0.4384765625 0.1822916671875 0.4326171875 0.1796875 0.4248046875 0.171875 0.4130859375 0.1536458328125 0.3955078125 0.1471354171875 0.390625 0.1419270828125 0.388671875 0.07421875 0.388671875 0.0364583328125 0.4169921875 0.0208333328125 0.4345703125 0.0182291671875 0.4404296875 0.0208333328125 0.4482421875 0.0364583328125 0.4658203125 0.0481770828125 0.474609375
19 0.6783854171875 0.5390625 0.6940104171875 0.544921875 0.70703125 0.546875 0.7330729171875 0.546875 0.7434895828125 0.544921875 0.765625 0.5322265625 0.7734375 0.5205078125 0.7838541671875 0.4990234375 0.8125 0.4130859375 0.8125 0.3896484375 0.8020833328125001 0.3310546875 0.7903645828125 0.322265625 0.7799479171875 0.318359375 0.76953125 0.31640625 0.7486979171875 0.31640625 0.7408854171875 0.318359375 0.7330729171875 0.322265625 0.6822916671875 0.3818359375 0.6770833328125 0.3935546875 0.65625 0.4873046875 0.6536458328125 0.5029296875 0.6536458328125 0.5126953125 0.6614583328125 0.5263671875 0.6783854171875 0.5390625
20 0.0013020828125 0 0 0.0009765625 0.010416667187500001 0.0126953125 0.171875 0.1689453125 0.18359375 0.177734375 0.6015625 0.0830078125 0.6015625 0.0771484375 0.5963541671875 0.0673828125 0.5598958328125 0.0087890625 0.55078125 0 0.0013020828125 0
1 0.22265625 0.48828125 0.26171875 0.494140625 0.3190104171875 0.49609375 0.35546875 0.49609375 0.37109375 0.494140625 0.52734375 0.470703125 0.58203125 0.4609375 0.60546875 0.453125 0.6575520828125 0.431640625 0.6666666671875 0.4267578125 0.7109375 0.3544921875 0.7135416671875 0.3349609375 0.7135416671875 0.2783203125 0.7005208328125 0.1923828125 0.6901041671875 0.1728515625 0.6354166671875 0.0869140625 0.62109375 0.07421875 0.61328125 0.0703125 0.6002604171875 0.06640625 0.3372395828125 0.08203125 0.3059895828125 0.0859375 0.26953125 0.09375 0.24869791718749998 0.1015625 0.23828125 0.107421875 0.2109375 0.1298828125 0.1979166671875 0.1494140625 0.1614583328125 0.2177734375 0.20833333281250002 0.4794921875 0.21744791718749998 0.486328125 0.22265625 0.48828125
7 0.3072916671875 0.3095703125 0.3138020828125 0.314453125 0.3216145828125 0.314453125 0.328125 0.3095703125 0.328125 0.2138671875 0.3190104171875 0.20703125 0.3111979171875 0.203125 0.2981770828125 0.19921875 0.2903645828125 0.19921875 0.2669270828125 0.205078125 0.2578125 0.2099609375 0.25 0.2431640625 0.25 0.2509765625 0.2630208328125 0.2705078125 0.3072916671875 0.3095703125
2 0.5651041671875 0.6943359375 0.6510416671875 0.7998046875 0.6848958328125 0.8388671875 0.6966145828125 0.84765625 0.71484375 0.84765625 0.7486979171875 0.8359375 0.7981770828125 0.81640625 0.83984375 0.796875 0.8567708328125001 0.7861328125 0.8567708328125001 0.7744140625 0.8411458328125001 0.7548828125 0.7552083328125 0.6689453125 0.6953125 0.6142578125 0.6575520828125 0.583984375 0.64453125 0.578125 0.6341145828125 0.576171875 0.6236979171875 0.576171875 0.6080729171875 0.578125 0.5559895828125 0.59375 0.53515625 0.603515625 0.5234375 0.6123046875 0.5208333328125 0.6162109375 0.5208333328125 0.6337890625 0.5234375 0.6396484375 0.5651041671875 0.6943359375