15 0.08723958281250001 0 0.08333333281250001 0.0029296875 0.08072916718749999 0.0068359375 0.08854166718749999 0.2939453125 0.109375 0.6669921875 0.1119791671875 0.6884765625 0.1184895828125 0.693359375 0.1236979171875 0.6953125 0.13671875 0.6953125 0.4518229171875 0.611328125 0.46484375 0.607421875 0.46875 0.6044921875 0.4713541671875 0.5986328125 0.4739583328125 0.5107421875 0.4791666671875 0.0732421875 0.47265625 0.068359375 0.2513020828125 0 0.08723958281250001 0
4 0.6861979171875 0 0.5963541671875 0.0849609375 0.59375 0.0908203125 0.59375 0.1083984375 0.5963541671875 0.1142578125 0.6041666671875 0.1240234375 0.6158854171875 0.130859375 0.62890625 0.134765625 0.66796875 0.134765625 0.6940104171875 0.126953125 0.7825520828125 0.083984375 0.7864583328125 0.0810546875 0.7890625 0.0771484375 0.7994791671875 0.0009765625 0.7981770828125 0 0.6861979171875 0
6 0.4934895828125 0.490234375 0.5559895828125 0.494140625 0.5716145828125 0.494140625 0.5794270828125 0.4921875 0.5833333328125 0.4892578125 0.5859375 0.4814453125 0.5885416671875 0.3544921875 0.5885416671875 0.2744140625 0.5859375 0.1962890625 0.58203125 0.19140625 0.5299479171875 0.19140625 0.4856770828125 0.1953125 0.4791666671875 0.2001953125 0.4739583328125 0.4384765625 0.4765625 0.4833984375 0.48046875 0.486328125 0.4934895828125 0.490234375
9 0.51171875 0.869140625 0.5221354171875 0.869140625 0.52734375 0.8671875 0.5286458328125 0.8662109375 0.53125 0.8447265625 0.5416666671875 0.6552734375 0.5416666671875 0.6240234375 0.5377604171875 0.62109375 0.5247395828125 0.619140625 0.4674479171875 0.61328125 0.4440104171875 0.61328125 0.42578125 0.6171875 0.34765625 0.638671875 0.3372395828125 0.642578125 0.3333333328125 0.6455078125 0.3307291671875 0.6728515625 0.3307291671875 0.8251953125 0.3372395828125 0.830078125 0.51171875 0.869140625
19 0.4908854171875 0.814453125 0.50390625 0.814453125 0.5403645828125 0.810546875 0.55078125 0.806640625 0.5807291671875 0.7841796875 0.6197916671875 0.7529296875 0.6302083328125 0.7431640625 0.6276041671875 0.6982421875 0.6184895828125 0.693359375 0.5950520828125 0.693359375 0.58203125 0.697265625 0.5013020828125 0.74609375 0.4869791671875 0.7587890625 0.484375 0.7646484375 0.4739583328125 0.7919921875 0.4739583328125 0.8017578125 0.4830729171875 0.810546875 0.4908854171875 0.814453125
1 0.65234375 0.765625 0.66796875 0.771484375 0.7018229171875 0.78125 0.8893229171874999 0.810546875 0.9309895828125001 0.810546875 0.9427083328125001 0.8056640625 0.9817708328125001 0.7548828125 0.9973958328125001 0.7177734375 0.9973958328125001 0.6572265625 0.9921875 0.6142578125 0.9869791671874999 0.5947265625 0.98046875 0.583984375 0.97265625 0.58203125 0.7799479171875 0.572265625 0.71484375 0.572265625 0.6940104171875 0.57421875 0.67578125 0.578125 0.64453125 0.595703125 0.6328125 0.6201171875 0.6302083328125 0.6611328125 0.6302083328125 0.7353515625 0.6354166671875 0.7529296875 0.65234375 0.765625
3 0.75 0.7607421875 0.7721354171875 0.77734375 0.79296875 0.783203125 0.8229012062500001 0.7838258171875 0.849392996875 0.773394675 0.8619765968750001 0.759734846875 0.868268396875 0.745578296875 0.8782028171875 0.7475651812499999 0.8808519968749999 0.75377419375 0.9073437859375 0.7756299203125 0.9599962171875 0.8094069515625 0.96761260625 0.80891023125 0.8881372390625 0.751042228125 0.9093306703125 0.7540225546875 0.931186396875 0.718010278125 0.9296875 0.7119140625 0.9270833328125001 0.7080078125 0.8828388796875 0.694416028125 0.8831700281250001 0.6837365265625001 0.8811831437500001 0.6680898125 0.8763020828125001 0.666015625 0.8679372484375 0.6675930921875 0.860320859375 0.69714799375 0.8450880812499999 0.6879586546875001 0.81362908125 0.6832398046875 0.7747395828125 0.689453125 0.7565104171875 0.697265625 0.75 0.7021484375 0.7421875 0.7119140625 0.7395833328125 0.7177734375 0.7395833328125 0.7373046875 0.7473958328125 0.7568359375 0.75 0.7607421875
10 0.6966145828125 0.689453125 0.7122395828125 0.68359375 0.7330729171875 0.673828125 0.82421875 0.625 0.8385416671874999 0.6142578125 0.8385416671874999 0.6123046875 0.8346354171874999 0.609375 0.8268229171874999 0.609375 0.8216145828125001 0.611328125 0.72265625 0.658203125 0.6888020828125 0.67578125 0.6875 0.6767578125 0.6875 0.6865234375 0.69140625 0.689453125 0.6966145828125 0.689453125
3 0.5768229171875 0.626953125 0.5950520828125 0.630859375 0.61328125 0.62890625 0.6236979171875 0.625 0.6302083328125 0.6201171875 0.6380208328125 0.6025390625 0.6380208328125 0.5908203125 0.6302083328125 0.5751953125 0.6197916671875 0.5595703125 0.5950520828125 0.541015625 0.54296875 0.517578125 0.5143229171875 0.51171875 0.5013020828125 0.51171875 0.4947916671875 0.5166015625 0.4921875 0.5224609375 0.4895833328125 0.5439453125 0.5260416671875 0.6005859375 0.5481770828125 0.6171875 0.5768229171875 0.626953125
20 0.625 0.5673828125 0.6341145828125 0.57421875 0.9309895828125001 0.5703125 0.9388020828125001 0.568359375 0.9453125 0.5634765625 0.9453125 0.5400390625 0.9322916671874999 0.4111328125 0.9270833328125001 0.3837890625 0.9244791671874999 0.3798828125 0.91796875 0.375 0.9049479171874999 0.375 0.6236979171875 0.3984375 0.6080729171875 0.400390625 0.6041666671875 0.4033203125 0.6015625 0.4072265625 0.6015625 0.4208984375 0.6197916671875 0.5576171875 0.625 0.5673828125
11 0.7291666671875 0.5419921875 0.7317708328125 0.5478515625 0.73828125 0.552734375 0.7513020828125 0.552734375 0.7721354171875 0.55078125 0.9231770828125001 0.53515625 0.93359375 0.533203125 0.9375 0.5302734375 0.9375 0.5185546875 0.9322916671874999 0.4951171875 0.9244791671874999 0.4697265625 0.921875 0.4638671875 0.9153645828125001 0.458984375 0.90234375 0.458984375 0.8815104171874999 0.4609375 0.8190104171874999 0.46875 0.76171875 0.4765625 0.7252604171875 0.482421875 0.7200520828125 0.484375 0.7161458328125 0.4873046875 0.7161458328125 0.4951171875 0.71875 0.5068359375 0.7291666671875 0.5419921875
0 0.83984375 0.4296875 0.8463541671874999 0.4248046875 0.8463541671874999 0.4228515625 0.8424479171874999 0.419921875 0.8294270828125001 0.419921875 0.8190104171874999 0.421875 0.6627604171875 0.4609375 0.6497395828125 0.466796875 0.6432291671875 0.4716796875 0.64453125 0.47265625 0.6653645828125 0.47265625 0.83984375 0.4296875
1 0.6223958328125 0.3935546875 0.62890625 0.3984375 0.65234375 0.396484375 0.83203125 0.353515625 0.8580729171874999 0.345703125 0.8619791671874999 0.3427734375 0.8671875 0.3271484375 0.8671875 0.3095703125 0.8619791671874999 0.2998046875 0.8515625 0.2880859375 0.8424479171874999 0.28125 0.81640625 0.283203125 0.6705729171875 0.322265625 0.6080729171875 0.34375 0.6015625 0.3486328125 0.6015625 0.3564453125 0.6041666671875 0.3642578125 0.6223958328125 0.3935546875
16 0.6184895828125 0.326171875 0.63671875 0.333984375 0.68359375 0.3203125 0.6940104171875 0.31640625 0.7005208328125 0.3115234375 0.7005208328125 0.3037109375 0.6966145828125 0.30078125 0.6236979171875 0.263671875 0.6184895828125 0.263671875 0.6119791671875 0.2685546875 0.5963541671875 0.2880859375 0.5911458328125 0.2958984375 0.5911458328125 0.3076171875 0.60546875 0.318359375 0.6184895828125 0.326171875
17 0.74609375 0.29296875 0.7565104171875 0.294921875 0.76171875 0.29296875 0.7682291671875 0.2841796875 0.8020833328125001 0.2158203125 0.8020833328125001 0.2099609375 0.7981770828125 0.20703125 0.6809895828125 0.1796875 0.6705729171875 0.1796875 0.6640625 0.1845703125 0.6328125 0.2568359375 0.6328125 0.2626953125 0.63671875 0.265625 0.74609375 0.29296875
18 0.91796875 0.318359375 0.9283854171874999 0.3203125 0.9440104171874999 0.3203125 0.9518229171874999 0.318359375 0.9557291671874999 0.3115234375 0.9583333328125001 0.2333984375 0.9544270828125001 0.23046875 0.94140625 0.234375 0.8958333328125001 0.2646484375 0.8932291671874999 0.2783203125 0.8932291671874999 0.2998046875 0.9036458328125001 0.3115234375 0.91796875 0.318359375
14 0.8138020828125001 0.283203125 0.8216145828125001 0.283203125 0.828125 0.2705078125 0.8463541671874999 0.1884765625 0.8541666671874999 0.1455078125 0.8541666671874999 0.1259765625 0.8528645828125001 0.125 0.8450520828125001 0.125 0.8411458328125001 0.1318359375 0.8359375 0.1474609375 0.8125 0.2431640625 0.8098958328125001 0.2548828125 0.8098958328125001 0.2705078125 0.8125 0.2822265625 0.8138020828125001 0.283203125
14 0.8645833328125001 0.3017578125 0.87109375 0.30859375 0.8763020828125001 0.306640625 0.8802083328125001 0.3017578125 0.8802083328125001 0.2744140625 0.8697916671874999 0.1767578125 0.8671875 0.1611328125 0.8619791671874999 0.1513671875 0.8606770828125001 0.150390625 0.85546875 0.150390625 0.8515625 0.1533203125 0.8489583328125001 0.1630859375 0.8489583328125001 0.1787109375 0.8567708328125001 0.2841796875 0.8645833328125001 0.3017578125
12 1 0.0654296875 0.9986979171874999 0.064453125 0.9778645828125001 0.064453125 0.8841145828125001 0.0703125 0.875 0.0771484375 0.8619791671874999 0.0966796875 0.859375 0.1044921875 0.859375 0.1279296875 0.8697916671874999 0.1455078125 0.8736979171874999 0.1484375 0.87890625 0.150390625 0.89453125 0.150390625 0.9778645828125001 0.142578125 0.9973958328125001 0.1259765625 1 0.1201171875 1 0.0654296875