6 0.622023809375 0.7725694437499999 0.6332671953125 0.7745535718750001 0.659391534375 0.775545634375 0.70634920625 0.7720734125 0.7754629625 0.7619047625 0.7867063484375 0.759424603125 0.791005290625 0.7569444437499999 0.796296296875 0.747519840625 0.7863756609375 0.3142361109375 0.78075396875 0.228174603125 0.7761243390625 0.221726190625 0.7695105812499999 0.2177579359375 0.70601851875 0.20882936562499999 0.609126984375 0.2008928578125 0.6051587296875 0.2016369046875 0.5978835984375 0.20634920625 0.590939153125 0.2150297625 0.5916005296875 0.2643849203125 0.6170634921875 0.737351190625 0.621362434375 0.771329365625 0.622023809375 0.7725694437499999
17 0.609788359375 0.615079365625 0.6458333328125 0.6185515875 0.6914682546875001 0.62177579375 0.7007275125 0.621527778125 0.708994709375 0.6197916671875 0.7139550265625 0.6143353171875 0.7169312171875 0.6073908734375 0.7331349203124999 0.4950396828125 0.7321428578125 0.48090277812500004 0.7294973546875 0.47867063437499996 0.722222221875 0.47594246093750003 0.6994047625 0.47222222187499996 0.609788359375 0.459821428125 0.6051587296875 0.46006944375 0.5992063484375 0.4623015875 0.5899470906250001 0.46875 0.5796957671875 0.47842261875 0.5770502640624999 0.4828869046875 0.5710978843750001 0.5071924609375 0.5677910046875 0.5580357140625 0.5674603171875 0.596230159375 0.5701058203125 0.6044146828125 0.575396825 0.60887896875 0.609788359375 0.615079365625
3 0.1269841265625 0.4231150796875 0.190476190625 0.421875 0.2040343921875 0.419394840625 0.23082010625 0.40947420625 0.2397486765625 0.403521825 0.25429894218750004 0.3883928578125 0.26124338593749996 0.37847222187499996 0.271825396875 0.3544146828125 0.2734788359375 0.3417658734375 0.271825396875 0.3179563484375 0.25429894218750004 0.290674603125 0.2420634921875 0.2772817453125 0.227513228125 0.265376984375 0.2046957671875 0.2512400796875 0.1871693125 0.24826388906250002 0.0132275125 0.338045634375 0.009589946875 0.341269840625 0.006944443749999999 0.35069444375000003 0.0076058203125 0.35590277812500004 0.059193121875 0.41617063437499996 0.06316137499999999 0.41840277812500004 0.1269841265625 0.4231150796875
19 0.21263227499999998 0.24503968281250002 0.2255291 0.2485119046875 0.2635582015625 0.2539682546875 0.2698412703125 0.2539682546875 0.2800925921875 0.252480159375 0.30357142812500004 0.243799603125 0.43518518593750005 0.1676587296875 0.45568783125 0.1547619046875 0.4755291 0.13814484062500001 0.4861111109375 0.12450396875 0.5208333328125 0.063244046875 0.5205026453125 0.0376984125 0.5125661375 0.025049603124999997 0.4917328046875 0.007440476562499999 0.478174603125 0.002976190625 0.46792327968749997 0.0017361109374999999 0.38128306875 0.0205853171875 0.3541666671875 0.0327380953125 0.26223545000000004 0.108630953125 0.20568783124999998 0.16220238125 0.196097884375 0.1755952375 0.19444444375 0.181795634375 0.19345238125 0.20362103125000003 0.196097884375 0.21626984062500001 0.2043650796875 0.237351190625 0.21263227499999998 0.24503968281250002
16 0.227513228125 0.956101190625 0.3640873015625 0.9412202375 0.3796296296875 0.9360119046875001 0.387896825 0.9300595234375001 0.390873015625 0.92509920625 0.3918650796875 0.9196428578125 0.3928571421875 0.8608630953124999 0.390873015625 0.856646825 0.384259259375 0.8506944437499999 0.3766534390625 0.8489583328125001 0.25330687812499997 0.8573908734375 0.23379629687499998 0.8630952375 0.2265211640625 0.8668154765624999 0.22123015937499999 0.8740079359375 0.2132936515625 0.9273313484375001 0.21296296250000002 0.9387400796875 0.215608465625 0.9494047625 0.2195767203125 0.952876984375 0.227513228125 0.956101190625
7 0.5052910046875 0.859623015625 0.5109126984375 0.855902778125 0.5585317453124999 0.796626984375 0.5168650796875001 0.7455357140625 0.5115740734374999 0.7425595234375 0.5066137562499999 0.7418154765625 0.45502645468749997 0.7569444437499999 0.35548941875 0.799355159375 0.353174603125 0.8060515875 0.352843915625 0.810019840625 0.3640873015625 0.8350694437499999 0.36805555624999997 0.8385416671874999 0.5052910046875 0.859623015625
12 0.5545634921875 0.9595734125 0.5727513234375 0.963045634375 0.5955687828125 0.963045634375 0.6326058203125 0.9570932546875 0.6418650796875001 0.953869046875 0.6600529093749999 0.9441964281249999 0.6673280421875 0.9389880953124999 0.684523809375 0.9238591265625 0.6927910046875 0.9126984125 0.6977513234375 0.90029761875 0.69973545 0.8886408734375 0.6987433859375 0.8613591265625 0.6927910046875 0.8511904765624999 0.688161375 0.846726190625 0.6792328046875 0.8427579359375 0.671957671875 0.84052579375 0.6600529093749999 0.8392857140625001 0.6448412703125 0.841269840625 0.6266534390625 0.846478175 0.5757275125 0.8700396828124999 0.552579365625 0.8824404765624999 0.540674603125 0.8923611109375 0.534391534375 0.8998015875 0.528108465625 0.90947420625 0.5244709000000001 0.921875 0.5267857140625 0.937251984375 0.5363756609375 0.949652778125 0.54431216875 0.955853175 0.5545634921875 0.9595734125
15 1 0.062251984375 0.959325396875 0.075148809375 0.8363095234375001 0.1324404765625 0.8323412703124999 0.137648809375 0.83068783125 0.14310515937499999 0.8250661375 0.17782738125 0.7959656078124999 0.52802579375 0.815806878125 0.9754464281249999 0.8201058203124999 0.9888392859374999 0.837632275 1 1 1 1 0.062251984375
13 0.49801587343750003 0 0.5013227515625001 0.1262400796875 0.5049603171875 0.13616071406250002 0.5085978843750001 0.13988095312499998 0.51223545 0.14136904687500002 0.5320767203125001 0.1455853171875 0.70601851875 0.17113095312499998 1 0.058283729687499994 1 0 0.49801587343750003 0
0 0.3063708671875 0.796300140625 0.5259618078125 0.64179414375 0.5282256328125 0.62538141875 0.500305134375 0.6355686265625 0.2814688015625 0.781585284375 0.285241840625 0.7991299203125 0.3063708671875 0.796300140625
20 0 0.622271825 0.0479497359375 0.7991071421875 0.060185185937499996 0.83407738125 0.0734126984375 0.8556547625 0.0770502640625 0.859126984375 0.084986771875 0.86259920625 0.10119047656249999 0.862103175 0.141203703125 0.8511904765624999 0.49371693125 0.7480158734375 0.53174603125 0.7321428578125 0.5426587296875 0.72197420625 0.5429894187500001 0.7051091265625 0.5132275125 0.56299603125 0.497354496875 0.4945436515625 0.49338624375 0.48387896875 0.4897486765625 0.47842261875 0.48148148125 0.471230159375 0.47288359843750005 0.4675099203125 0.465939153125 0.466269840625 0.44477513281250003 0.4670138890625 0.009920634375 0.528769840625 0 0.530505953125 0 0.622271825
4 0.3880208328125 0.3564453125 0.3958333328125 0.3759765625 0.4114583328125 0.3955078125 0.4205729171875 0.40234375 0.4361979171875 0.41015625 0.50390625 0.427734375 0.5247395828125 0.427734375 0.5377604171875 0.42578125 0.5455729171875 0.423828125 0.5690104171875 0.4140625 0.5859375 0.4013671875 0.59375 0.3896484375 0.5963541671875 0.3818359375 0.5963541671875 0.3623046875 0.59375 0.3544921875 0.5859375 0.3427734375 0.5052083328125 0.2470703125 0.4934895828125 0.23828125 0.4830729171875 0.232421875 0.4674479171875 0.2265625 0.44921875 0.22265625 0.4283854171875 0.22265625 0.41015625 0.224609375 0.3684895828125 0.234375 0.359375 0.2392578125 0.3567708328125 0.2431640625 0.3567708328125 0.2490234375 0.3619791671875 0.2724609375 0.3880208328125 0.3564453125