1 0.3857421875 0 0.3779296875 0.0052083328125 0.359508059375 0.0583928234375 0.3363034484375 0.06797970625000001 0.314453125 0.08463541718749999 0.2889137484375 0.1485966640625 0.27780168125000004 0.1921733984375 0.2523092921875 0.20873255781250002 0.2421875 0.22526041718749998 0.23828125 0.23828125 0.236328125 0.24869791718749998 0.236328125 0.26171875 0.2421875 0.2799479171875 0.2529296875 0.2942708328125 0.3349609375 0.390625 0.3486328125 0.390625 0.41310744218749995 0.3512284796875 0.5966796875 0.3229166671875 0.6044921875 0.3177083328125 0.615234375 0.3033854171875 0.623046875 0.2799479171875 0.623046875 0.1575520828125 0.611328125 0.07682291718749999 0.6015625 0.0325520828125 0.59765625 0.0221354171875 0.5866517859375 0.0130730203125 0.5503741546875001 0.01743069375 0.50298445625 0.0374759921875 0.45101920156249997 0.0209168328125 0.41016601250000007 0.048370175 0.428468240625 0.0130730203125 0.43010236874999996 0 0.3857421875 0
4 0.4529801546875 0.1472893625 0.4536338046875 0.16864196250000002 0.4892578125 0.203125 0.5458984375 0.21875 0.5595703125 0.22135416718749998 0.5693359375 0.22135416718749998 0.6142578125 0.21614583281250002 0.6318359375 0.2109375 0.6455078125 0.203125 0.65234375 0.1940104171875 0.65625 0.1861979171875 0.658203125 0.1783854171875 0.658203125 0.1575520828125 0.65625 0.1497395828125 0.65234375 0.1419270828125 0.627504975 0.11112067187500001 0.5752128937500001 0.084103096875 0.5765201953125 0.049241709375 0.5683495578125 0.0161233921875 0.5576171875 0 0.4638671875 0.010416667187500001 0.45559475781250003 0.0496774765625 0.4536338046875 0.076695053125 0.4572288859375 0.0993549546875 0.47160920781250004 0.126808296875 0.4529801546875 0.1472893625
19 0.7509765625 0 0.7470703125 0.0026041671875 0.7421875 0.009114582812499999 0.734375 0.0325520828125 0.705078125 0.19140625 0.685546875 0.3059895828125 0.68359375 0.3190104171875 0.68359375 0.3502604171875 0.69140625 0.3658854171875 0.7041015625 0.3802083328125 0.7255859375 0.3880208328125 0.7333984375 0.3880208328125 0.7451171875 0.3854166671875 0.7568359375 0.3776041671875 0.765625 0.3658854171875 0.7734375 0.34765625 0.814453125 0.19921875 0.84765625 0.05859375 0.8515625 0.0377604171875 0.8515625 0.00390625 0.8486328125 0 0.7509765625 0
14 0.5400390625 0.4166666671875 0.6748046875 0.4791666671875 0.6904296875 0.484375 0.6943359375 0.484375 0.701171875 0.4778645828125 0.701171875 0.47265625 0.6962890625 0.4661458328125 0.6845703125 0.4557291671875 0.5283203125 0.375 0.5224609375 0.3723958328125 0.5048828125 0.3697916671875 0.501953125 0.3736979171875 0.501953125 0.3841145828125 0.5244140625 0.40625 0.5400390625 0.4166666671875
10 0.4267578125 0.5052083328125 0.5517578125 0.6223958328125 0.5634765625 0.6302083328125 0.5712890625 0.6302083328125 0.57421875 0.6263020828125 0.576171875 0.6184895828125 0.57421875 0.61328125 0.5654296875 0.6015625 0.4423828125 0.4791666671875 0.4169921875 0.4609375 0.4130859375 0.4609375 0.408203125 0.4674479171875 0.408203125 0.4752604171875 0.41015625 0.4856770828125 0.4267578125 0.5052083328125
0 0.4091796875 0.6744791671875 0.5419921875 0.8307291671874999 0.5498046875 0.8385416671874999 0.5712890625 0.8541666671874999 0.5751953125 0.8567708328125001 0.578125 0.85546875 0.578125 0.84765625 0.568359375 0.8268229171874999 0.564453125 0.8190104171874999 0.5517578125 0.8020833328125001 0.3818359375 0.6067708328125 0.3779296875 0.6041666671875 0.3681640625 0.6041666671875 0.365234375 0.6080729171875 0.365234375 0.6184895828125 0.3671875 0.6236979171875 0.4091796875 0.6744791671875
12 0.189453125 0.5403645828125 0.2275390625 0.609375 0.2470703125 0.6197916671875 0.2685546875 0.6276041671875 0.2744140625 0.6276041671875 0.2822265625 0.625 0.2958984375 0.6145833328125 0.3125 0.5924479171875 0.31640625 0.58203125 0.322265625 0.5533854171875 0.322265625 0.5455729171875 0.3203125 0.5377604171875 0.318359375 0.5325520828125 0.298828125 0.50390625 0.2646484375 0.4609375 0.2490234375 0.453125 0.2333984375 0.453125 0.2119140625 0.4609375 0.2021484375 0.46875 0.189453125 0.4856770828125 0.18359375 0.4986979171875 0.181640625 0.5065104171875 0.181640625 0.51953125 0.18359375 0.52734375 0.189453125 0.5403645828125
9 0.876469725 0.99609375 0.876469725 0.9856770828125001 0.8261298703125 0.778595578125 0.35205566250000003 0.8619791671874999 0.28369628750000003 0.8776041671874999 0.28076660000000003 0.8815104171874999 0.27881347500000003 0.8919270828125001 0.27686035000000003 0.9934895828125001 0.27979003750000003 0.9973958328125001 0.8754931625 0.9973958328125001 0.876469725 0.99609375
17 0.2841796875 0.875 0.3037109375 0.8828125 0.3154296875 0.8828125 0.322265625 0.8658854171874999 0.37890625 0.6966145828125 0.37890625 0.6861979171875 0.3701171875 0.6770833328125 0.3447265625 0.6614583328125 0.2763671875 0.6302083328125 0.2216796875 0.609375 0.2138671875 0.609375 0.205078125 0.62109375 0.185546875 0.6627604171875 0.134765625 0.7825520828125 0.1328125 0.79296875 0.1376953125 0.7994791671875 0.1572265625 0.8125 0.2841796875 0.875
7 0.2763671875 0.8125 0.28125 0.8059895828125001 0.306640625 0.71484375 0.314453125 0.67578125 0.314453125 0.6627604171875 0.3115234375 0.6588541671875 0.2841796875 0.6458333328125 0.265625 0.6731770828125 0.263671875 0.6783854171875 0.228515625 0.7747395828125 0.228515625 0.7825520828125 0.2666015625 0.8125 0.2763671875 0.8125
11 0.791015625 0.7903645828125 0.830078125 0.84765625 0.8369140625 0.8541666671874999 0.8447265625 0.8567708328125001 0.8544921875 0.8515625 0.9208984375 0.78125 0.931640625 0.7669270828125 0.93359375 0.76171875 0.93359375 0.7513020828125 0.931640625 0.7434895828125 0.921875 0.7278645828125 0.7548828125 0.5052083328125 0.7451171875 0.4973958328125 0.7333984375 0.4973958328125 0.7294921875 0.5 0.6630859375 0.5572916671875 0.65625 0.56640625 0.654296875 0.5716145828125 0.654296875 0.5794270828125 0.6640625 0.59765625 0.791015625 0.7903645828125