21 0.2040343921875 0.630704365625 0.215608465625 0.6326884921875 0.24007936562499999 0.622519840625 0.45601851875 0.468501984375 0.46527777812500004 0.456101190625 0.466269840625 0.4439484125 0.45568783125 0.430803571875 0.44080687812499997 0.41592261875 0.3244047625 0.30357142812500004 0.3177910046875 0.2988591265625 0.3048941796875 0.294394840625 0.30125661406250004 0.294394840625 0.29100529062499997 0.2956349203125 0.2705026453125 0.302579365625 0.2040343921875 0.34052579375 0.0105820109375 0.46527777812500004 0.0072751328125 0.468501984375 0.0023148140625 0.478174603125 0.003306878125 0.48387896875 0.0171957671875 0.497023809375 0.2007275125 0.6289682546875001 0.2040343921875 0.630704365625
4 0.35177533125 0.5619427265625 0.3729961171875 0.5264387203124999 0.37870940468750003 0.4731827109375 0.25301705937499996 0.4431879453125 0.2146564078125 0.499504646875 0.21955351250000002 0.5588820359375 0.28648060625 0.591937490625 0.35177533125 0.5619427265625
7 0.3955026453125 0.615575396875 0.44146825468750006 0.59697420625 0.487103175 0.575148809375 0.490740740625 0.571924603125 0.48842592656250006 0.568700396875 0.46858465625 0.5560515875 0.4606481484375 0.5535714281249999 0.4500661375 0.552579365625 0.44080687812499997 0.55282738125 0.43154761875 0.5550595234375 0.4126984125 0.562748015625 0.40608465625 0.568700396875 0.377976190625 0.606398809375 0.37830687812499997 0.609126984375 0.39252645468749997 0.6158234125 0.3955026453125 0.615575396875
1 0.12367724843750001 0.7363591265625 0.127645503125 0.7363591265625 0.1322751328125 0.734375 0.14781746093749998 0.721726190625 0.160052909375 0.706101190625 0.171296296875 0.684771825 0.16798941875 0.67509920625 0.1610449734375 0.668898809375 0.13062169375 0.65302579375 0.10582010625 0.6418650796875001 0.07572751250000001 0.630704365625 0.0644841265625 0.628472221875 0.0572089953125 0.6299603171875 0.049603175 0.634424603125 0.0198412703125 0.665674603125 0.015873015625 0.671130953125 0.0119047625 0.6808035718750001 0.0115740734375 0.684523809375 0.014219576562499999 0.6884920640625001 0.0327380953125 0.700396825 0.12367724843750001 0.7363591265625
6 0.702734478125 1 0.7053571421875 0.705605159375 0.6954365078125 0.6083829359374999 0.6924603171875 0.6024305562500001 0.6888227515625001 0.5992063484375 0.6832010578125 0.59697420625 0.6041666671875 0.59424603125 0.5710978843750001 0.596230159375 0.566137565625 0.5977182546875001 0.5608465609375 0.6011904765625 0.5552248671875 0.608630953125 0.5486111109375 0.71875 0.5390211640625 0.9623015875 0.54332010625 1 0.702734478125 1
15 1 0.5850694437499999 0.990079365625 0.5830853171875 0.8875661375 0.5758928578125 0.8624338625 0.575148809375 0.7083333328125 0.578373015625 0.7010582015625 0.580605159375 0.697420634375 0.583829365625 0.6941137562499999 0.610119046875 0.6941137562499999 0.656498015625 0.6957671953125 0.6862599203124999 0.7205687828125 0.9513888890625 0.7268518515625 1 1 1 1 0.5850694437499999
1 0.2625661375 0 0.16302909999999998 0.049603175 0.14947090000000002 0.0580357140625 0.1369047625 0.06944444375 0.12466931249999999 0.08630952343750001 0.1167328046875 0.10019841249999999 0.11342592656249999 0.1111111109375 0.0727513234375 0.2775297625 0.0767195765625 0.3162202375 0.0896164015625 0.32911706406249996 0.10019841249999999 0.3320932546875 0.2040343921875 0.3303571421875 0.2142857140625 0.3258928578125 0.22949735468750002 0.3167162703125 0.4632936515625 0.15277777812499999 0.48148148125 0.134920634375 0.48842592656250006 0.12549603125 0.49272486718749997 0.11383928593749999 0.48214285781250005 0.0873015875 0.46891534375 0.0625 0.44378306875 0.0248015875 0.42129629687500003 0 0.2625661375 0
17 0.521541615625 0.2999476421875 0.4774676765625 0.235061009375 0.44073939375000004 0.185477828125 0.3615695390625 0.219757559375 0.34034875468750003 0.2515887375 0.408908215625 0.339124478125 0.43502610468749997 0.3501429625 0.463592546875 0.33361523593750003 0.521541615625 0.2999476421875
6 0.533730159375 0 0.5234788359375 0.2876984125 0.5254629625 0.3048115078125 0.53141534375 0.309523809375 0.6888593484375 0.3170875078125 0.6953888218750001 0.297499090625 0.710080134375 0 0.533730159375 0
12 0.5664317390625 0.36850710468750003 0.5884687093750001 0.3654464140625 0.6243808078125 0.359937171875 0.635807384375 0.35442792968750003 0.634920634375 0.343501984375 0.6322751328125 0.33482142812500004 0.6170634921875 0.3164682546875 0.5978835984375 0.30654761875 0.5826719578125 0.30381944375000003 0.540674603125 0.3045634921875 0.5297619046875 0.306299603125 0.5125661375 0.31150793593750004 0.5039682546875001 0.3167162703125 0.4983465609375 0.322420634375 0.4947089953125 0.32862103125000003 0.4917328046875 0.3390376984375 0.49338624375 0.349950396875 0.5003208296875 0.3611614484375 0.5190930640625 0.37034351875 0.5664317390625 0.36850710468750003
13 0.5958994703125 0.55927579375 0.7083333328125 0.57490079375 0.722222221875 0.5761408734375 0.746362434375 0.5761408734375 0.7589285718750001 0.5741567453124999 0.9851341640625 0.5619427265625 0.9981931078124999 0.359937171875 0.7672130187499999 0.3409608921875 0.6984126984375 0.3519345234375 0.672619046875 0.3544146828125 0.5052910046875 0.3799603171875 0.4950396828125 0.3826884921875 0.4894179890625 0.388144840625 0.487103175 0.39508928593750003 0.48511904687499996 0.47594246093750003 0.484457671875 0.53174603125 0.490410053125 0.540674603125 0.4950396828125 0.543402778125 0.5958994703125 0.55927579375
15 0.7427248671875 0 0.7423941796875 0.00595238125 0.7298280421875 0.29241071406249997 0.7334656078124999 0.3417658734375 0.7394179890625 0.346478175 0.747354496875 0.3492063484375 0.908730159375 0.3606150796875 1 0.36259920625 1 0 0.7427248671875 0
1 0.5027693828124999 1 0.539497665625 0.94452900625 0.6369047625 0.9117063484375001 0.634589946875 0.8973214281249999 0.583664021875 0.810019840625 0.5572089953125 0.7725694437499999 0.5333994703125 0.7462797625 0.5076058203125 0.721230159375 0.421957671875 0.641369046875 0.40575396875 0.628472221875 0.38194444375000003 0.61532738125 0.375661375 0.6135912703125 0.3673941796875 0.61259920625 0.3544973546875 0.61532738125 0.3171296296875 0.6314484125 0.25099206406249996 0.6669146828125 0.049933862499999995 0.7802579359374999 0.0238095234375 0.7958829359374999 0.009589946875 0.806795634375 0 0.814980159375 0 0.90229148125 0.0530519640625 0.9426925921875 0.13793510625 1 0.5027693828124999 1