13 1 0.1236979171875 0.9990234375 0.1223958328125 0.9970703125 0.1223958328125 0.9794921875 0.1354166671875 0.6220703125 0.4765625 0.4697265625 0.6380208328125 0.4609375 0.6497395828125 0.45703125 0.6627604171875 0.455078125 0.67578125 0.421875 0.9388020828125001 0.41796875 0.97265625 0.41796875 0.9908854171874999 0.4228515625 0.9947916671874999 0.7236328125 0.9973958328125001 0.9990234375 0.9973958328125001 1 0.99609375 1 0.1236979171875
11 0.4404296875 0.6328125 0.4716796875 0.6328125 0.4814453125 0.625 0.498046875 0.6080729171875 0.5 0.6028645828125 0.501953125 0.5872395828125 0.50390625 0.51171875 0.50390625 0.4153645828125 0.4990234375 0.4088541671875 0.4248046875 0.4088541671875 0.421875 0.4127604171875 0.41796875 0.4205729171875 0.40625 0.5846354171875 0.404296875 0.62109375 0.40625 0.6263020828125 0.4111328125 0.6302083328125 0.4404296875 0.6328125
2 0.2020225734375 0.7486979171875 0.2166710109375 0.7708333328125 0.2225303859375 0.7708333328125 0.31432726093749996 0.6822916671875 0.34753038593749996 0.6484375 0.37878038593749996 0.6145833328125 0.38561632343749996 0.60546875 0.38561632343749996 0.59765625 0.33874132343749996 0.52734375 0.33190538593749996 0.5182291671875 0.32604601093749996 0.5182291671875 0.2420616359375 0.5911458328125 0.16003038593750002 0.6666666671875 0.15905382343750002 0.66796875 0.15905382343750002 0.6731770828125 0.16296007343750002 0.6809895828125 0.2020225734375 0.7486979171875
12 0.2392578125 0.5442708328125 0.2470703125 0.5494791671875 0.2548828125 0.5520833328125 0.2783203125 0.5520833328125 0.2919921875 0.546875 0.3017578125 0.5390625 0.365234375 0.4752604171875 0.373046875 0.4596354171875 0.373046875 0.44921875 0.3671875 0.41796875 0.3564453125 0.4036458328125 0.3388671875 0.3854166671875 0.3349609375 0.3828125 0.3232421875 0.3828125 0.2705078125 0.4270833328125 0.2490234375 0.4505208328125 0.240234375 0.4622395828125 0.234375 0.47265625 0.2265625 0.4908854171875 0.224609375 0.5013020828125 0.224609375 0.5169270828125 0.23046875 0.5325520828125 0.2392578125 0.5442708328125
6 0.359375 0.3893229171875 0.3916015625 0.4322916671875 0.3974609375 0.4375 0.4072265625 0.4296875 0.4951171875 0.34375 0.501953125 0.3346354171875 0.50390625 0.3294270828125 0.501953125 0.3190104171875 0.4921875 0.3033854171875 0.3271484375 0.08333333281250001 0.2939453125 0.05729166718749999 0.2919921875 0.05729166718749999 0.2685546875 0.07552083281250001 0.1943359375 0.1354166671875 0.19140625 0.1393229171875 0.19140625 0.1419270828125 0.19921875 0.16015625 0.359375 0.3893229171875
2 0.072265625 0.4361979171875 0.0810546875 0.4479166671875 0.0888671875 0.453125 0.1083984375 0.453125 0.1357421875 0.4375 0.2529296875 0.3619791671875 0.26171875 0.3528645828125 0.26171875 0.33984375 0.2421875 0.30078125 0.2236328125 0.2760416671875 0.2158203125 0.2734375 0.1064453125 0.3333333328125 0.0732421875 0.3567708328125 0.0654296875 0.3645833328125 0.056640625 0.37890625 0.0546875 0.3841145828125 0.0546875 0.39453125 0.0625 0.41796875 0.072265625 0.4361979171875
1 0 0.35546875 0.0029296875 0.359375 0.0146484375 0.3671875 0.0205078125 0.3697916671875 0.0283203125 0.3697916671875 0.0322265625 0.3671875 0.1826171875 0.21354166718749998 0.1875 0.20703125 0.189453125 0.20182291718749998 0.18359375 0.1888020828125 0.1748046875 0.1744791671875 0.1396484375 0.1458333328125 0.1337890625 0.1458333328125 0.0322265625 0.23958333281250002 0.0048828125 0.2682291671875 0 0.2747395828125 0 0.35546875
9 0.0244140625 0 0.0029296875 0.010416667187500001 0 0.014322917187500001 0 0.22265625 0.005859375 0.23307291718749998 0.0146484375 0.24479166718749998 0.0205078125 0.24479166718749998 0.1982421875 0.1302083328125 0.2314453125 0.1067708328125 0.2783203125 0.0703125 0.28515625 0.06119791718749999 0.28515625 0.05598958281250001 0.2822265625 0.05208333281250001 0.2412109375 0.0026041671875 0.2373046875 0 0.0244140625 0
18 0.009765625 0.1080729171875 0.0205078125 0.1223958328125 0.0361328125 0.1354166671875 0.0517578125 0.1354166671875 0.0693359375 0.1276041671875 0.0751953125 0.1223958328125 0.0849609375 0.1119791671875 0.09765625 0.09244791718749999 0.103515625 0.06901041718749999 0.103515625 0.0403645828125 0.1015625 0.0247395828125 0.095703125 0.009114582812499999 0.0888671875 0 0.0498046875 0.0234375 0.0146484375 0.046875 0.00390625 0.06119791718749999 0.001953125 0.06640625 0.001953125 0.07682291718749999 0.00390625 0.09244791718749999 0.009765625 0.1080729171875
3 0.1396484375 0 0.138671875 0.0013020828125 0.138671875 0.006510417187500001 0.1787109375 0.05989583281250001 0.1845703125 0.06510416718749999 0.2158203125 0.07291666718749999 0.220703125 0.06640625 0.232421875 0.0403645828125 0.232421875 0.01953125 0.2216796875 0.0026041671875 0.2099609375 0 0.1396484375 0
15 0.3916015625 0 0.390625 0.00390625 0.392578125 0.009114582812499999 0.4912109375 0.1354166671875 0.6533203125 0.3307291671875 0.6591796875 0.3307291671875 0.6630859375 0.328125 0.673828125 0.3138020828125 0.7734375 0.08984375 0.806640625 0.009114582812499999 0.806640625 0.0013020828125 0.8056640625 0 0.3916015625 0